4 0.725 0.4677734375 0.025 0.083984375
4 0.7453125 0.4892578125 0.059375 0.123046875
4 0.77578125 0.484375 0.0484375 0.11328125
4 0.5984375 0.4501953125 0.021875 0.037109375
1 0.54375 0.4697265625 0.028125 0.044921875
1 0.57890625 0.478515625 0.0671875 0.0703125
1 0.41796875 0.4697265625 0.0734375 0.064453125
4 0.98671875 0.44921875 0.0203125 0.04296875
4 0.0375 0.4404296875 0.01875 0.025390625
4 0.0609375 0.439453125 0.021875 0.02734375
4 0.078125 0.439453125 0.021875 0.03125
1 0.51640625 0.4521484375 0.0234375 0.025390625
1 0.4703125 0.447265625 0.028125 0.0234375
4 0.09296875 0.458984375 0.0234375 0.0703125