4 0.14453125 0.513671875 0.0453125 0.15625
4 0.18671875 0.505859375 0.0421875 0.15625
4 0.525 0.474609375 0.021875 0.09765625
4 0.5515625 0.494140625 0.04375 0.15234375
4 0.41640625 0.4697265625 0.0234375 0.056640625
1 0.07734375 0.521484375 0.1265625 0.1328125
1 0.234375 0.4853515625 0.071875 0.123046875
1 0.29140625 0.474609375 0.0734375 0.09375
1 0.33828125 0.501953125 0.1484375 0.1171875
1 0.665625 0.5126953125 0.1375 0.162109375
1 0.75078125 0.48828125 0.0453125 0.0703125
1 0.9640625 0.498046875 0.0625 0.11328125
1 0.59296875 0.49609375 0.0359375 0.109375
1 0.48359375 0.4677734375 0.0296875 0.025390625
4 0.40078125 0.458984375 0.0140625 0.02734375