1 0.915625 0.5341796875 0.134375 0.138671875
4 0.4671875 0.4814453125 0.03125 0.064453125
4 0.428125 0.4892578125 0.0375 0.123046875
4 0.3953125 0.4755859375 0.05 0.087890625
4 0.21875 0.521484375 0.05 0.08203125
4 0.18515625 0.4501953125 0.0421875 0.052734375
4 0.11171875 0.443359375 0.0421875 0.06640625
4 0.01796875 0.49609375 0.0328125 0.0703125
4 0.05546875 0.5185546875 0.0359375 0.119140625
0 0.4734375 0.5927734375 0.1125 0.087890625
4 0.09140625 0.5068359375 0.0484375 0.072265625
4 0.24453125 0.451171875 0.0359375 0.03515625