4 0.7671875 0.50390625 0.01875 0.1171875
4 0.7015625 0.5 0.078125 0.15625
1 0.55078125 0.505859375 0.0765625 0.0625
1 0.4984375 0.498046875 0.034375 0.046875
1 0.43984375 0.50390625 0.0265625 0.02734375
1 0.40859375 0.5029296875 0.0328125 0.033203125
1 0.38125 0.4990234375 0.028125 0.037109375
1 0.35078125 0.49609375 0.0234375 0.03515625
1 0.321875 0.494140625 0.028125 0.03515625
1 0.29375 0.4990234375 0.03125 0.041015625
1 0.2640625 0.5 0.028125 0.0390625
1 0.2328125 0.4951171875 0.03125 0.044921875
1 0.20234375 0.498046875 0.0296875 0.05078125
1 0.11171875 0.52734375 0.1671875 0.1328125
1 0.04296875 0.50390625 0.0859375 0.09375