4 0.03359375 0.5029296875 0.0296875 0.087890625
4 0.0109375 0.501953125 0.021875 0.0859375
4 0.61875 0.46484375 0.025 0.07421875
4 0.6015625 0.4638671875 0.025 0.076171875
4 0.74453125 0.4892578125 0.0515625 0.158203125
4 0.79140625 0.478515625 0.0515625 0.171875
4 0.85546875 0.50390625 0.0765625 0.24609375
4 0.9421875 0.509765625 0.075 0.23046875
1 0.978125 0.486328125 0.0375 0.11328125
1 0.4578125 0.4638671875 0.078125 0.072265625
4 0.16484375 0.4814453125 0.0203125 0.044921875
4 0.12734375 0.4873046875 0.0203125 0.033203125
4 0.1125 0.490234375 0.01875 0.05078125
4 0.55 0.458984375 0.01875 0.046875
4 0.57578125 0.4580078125 0.0171875 0.044921875
4 0.6421875 0.4521484375 0.01875 0.044921875
4 0.66875 0.4375 0.01875 0.04296875