1 0.58671875 0.439453125 0.1046875 0.05078125
0 0.540625 0.4638671875 0.025 0.037109375
1 0.49609375 0.42578125 0.0484375 0.046875
1 0.46328125 0.421875 0.0234375 0.046875
1 0.44609375 0.4208984375 0.0234375 0.041015625
1 0.43828125 0.419921875 0.0234375 0.0390625
0 0.5046875 0.462890625 0.025 0.03125
1 0.40546875 0.40625 0.0328125 0.01171875
4 0.41015625 0.443359375 0.0203125 0.06640625
4 0.390625 0.4443359375 0.025 0.068359375
4 0.340625 0.4033203125 0.0125 0.025390625
4 0.32421875 0.400390625 0.0109375 0.02734375
4 0.315625 0.40234375 0.009375 0.0234375
1 0.10703125 0.521484375 0.2140625 0.359375