1 0.090625 0.5400390625 0.18125 0.259765625
1 0.321875 0.5009765625 0.109375 0.087890625
1 0.38125 0.48046875 0.06875 0.0859375
1 0.42890625 0.48046875 0.0484375 0.046875
1 0.453125 0.46484375 0.04375 0.04296875
1 0.73515625 0.5205078125 0.0765625 0.099609375
1 0.890625 0.591796875 0.215625 0.34765625
0 0.68984375 0.572265625 0.0296875 0.10546875
0 0.634375 0.55078125 0.034375 0.08984375
4 0.63359375 0.51171875 0.0484375 0.1640625
4 0.68828125 0.517578125 0.0515625 0.17578125
1 0.1984375 0.4921875 0.06875 0.078125
1 0.50546875 0.466796875 0.0234375 0.0234375
1 0.603125 0.474609375 0.021875 0.0390625
1 0.584375 0.470703125 0.01875 0.0234375