0 0.225 0.5234375 0.103125 0.0546875
1 0.94921875 0.6044921875 0.0984375 0.224609375
1 0.5390625 0.4638671875 0.06875 0.080078125
1 0.49609375 0.4609375 0.0328125 0.0546875
1 0.34765625 0.46875 0.0421875 0.0390625
1 0.27734375 0.4716796875 0.0234375 0.056640625
1 0.4734375 0.4609375 0.021875 0.03515625
1 0.45625 0.458984375 0.021875 0.02734375
1 0.43515625 0.458984375 0.0203125 0.0234375
1 0.390625 0.458984375 0.025 0.0234375
1 0.375 0.4599609375 0.01875 0.025390625
1 0.3203125 0.46484375 0.025 0.04296875
1 0.2984375 0.4677734375 0.028125 0.056640625
1 0.24921875 0.470703125 0.0328125 0.046875
4 0.21953125 0.46484375 0.0359375 0.08203125
1 0.18984375 0.46875 0.0234375 0.04296875
1 0.146875 0.462890625 0.03125 0.046875
1 0.11328125 0.4599609375 0.0296875 0.041015625
1 0.08671875 0.4560546875 0.0296875 0.044921875
1 0.06015625 0.4619140625 0.0359375 0.052734375