4 0.5171875 0.47265625 0.040625 0.1328125
4 0.478125 0.4775390625 0.046875 0.134765625
4 0.57421875 0.4560546875 0.0296875 0.119140625
4 0.9171875 0.513671875 0.071875 0.3984375
4 0.97578125 0.5185546875 0.0453125 0.474609375
1 0.71015625 0.4443359375 0.1578125 0.099609375
1 0.6703125 0.43359375 0.13125 0.1015625
1 0.36328125 0.486328125 0.0921875 0.08984375
4 0.4453125 0.4501953125 0.021875 0.064453125
4 0.03515625 0.4716796875 0.0203125 0.033203125
4 0.15546875 0.4619140625 0.0203125 0.037109375
4 0.1640625 0.4580078125 0.0125 0.037109375