1 0.85546875 0.5224609375 0.2859375 0.322265625
4 0.69140625 0.513671875 0.0578125 0.22265625
1 0.6671875 0.46875 0.215625 0.16796875
1 0.52578125 0.4755859375 0.0703125 0.087890625
1 0.49921875 0.4765625 0.1046875 0.078125
1 0.4203125 0.4716796875 0.075 0.056640625
1 0.36484375 0.46484375 0.0546875 0.05859375
1 0.18515625 0.4931640625 0.0453125 0.107421875
1 0.05625 0.4951171875 0.1125 0.208984375
1 0.7875 0.4033203125 0.121875 0.083984375
1 0.24921875 0.4765625 0.0453125 0.05859375
1 0.2109375 0.4833984375 0.078125 0.099609375