1 0.125 0.4716796875 0.13125 0.087890625
1 0.04609375 0.4501953125 0.0859375 0.091796875
1 0.23515625 0.5029296875 0.1578125 0.115234375
1 0.31171875 0.482421875 0.0734375 0.0859375
1 0.3640625 0.482421875 0.059375 0.0859375
1 0.4125 0.46875 0.05625 0.05859375
1 0.52734375 0.5517578125 0.2015625 0.189453125
1 0.6453125 0.494140625 0.053125 0.08203125
1 0.69921875 0.5107421875 0.1046875 0.134765625
1 0.81875 0.55078125 0.26875 0.25390625
1 0.6359375 0.478515625 0.05625 0.08203125
1 0.4640625 0.455078125 0.034375 0.0390625
1 0.45 0.46484375 0.034375 0.046875
1 0.703125 0.5322265625 0.0875 0.130859375
1 0.03515625 0.564453125 0.0703125 0.15625