1 0.125 0.46875 0.1125 0.08203125
1 0.08671875 0.578125 0.1734375 0.1875
1 0.2484375 0.505859375 0.134375 0.1015625
1 0.31328125 0.4775390625 0.1015625 0.087890625
1 0.371875 0.4521484375 0.0625 0.076171875
1 0.60859375 0.484375 0.0359375 0.078125
1 0.62578125 0.50390625 0.0421875 0.08984375
1 0.69765625 0.5224609375 0.1484375 0.158203125
1 0.765625 0.5927734375 0.215625 0.201171875
1 0.40703125 0.4560546875 0.0234375 0.041015625
4 0.45546875 0.443359375 0.0203125 0.0390625
1 0.42421875 0.4482421875 0.0203125 0.033203125
1 0.43125 0.4404296875 0.028125 0.052734375
1 0.02890625 0.46484375 0.0578125 0.0625
1 0.58828125 0.45703125 0.0484375 0.04296875