1 0.178125 0.41015625 0.078125 0.078125
4 0.225 0.37890625 0.025 0.05078125
4 0.2515625 0.3583984375 0.025 0.033203125
4 0.715625 0.5009765625 0.140625 0.353515625
4 0.790625 0.5009765625 0.071875 0.310546875
0 0.85703125 0.5673828125 0.1078125 0.146484375
4 0.82578125 0.48828125 0.0859375 0.22265625
4 0.93828125 0.5380859375 0.1203125 0.384765625
1 0.25703125 0.427734375 0.1328125 0.11328125
1 0.5 0.423828125 0.06875 0.0859375
1 0.4625 0.4091796875 0.05 0.064453125
1 0.38359375 0.3984375 0.0265625 0.03125
1 0.44765625 0.3974609375 0.0453125 0.056640625
4 0.3515625 0.396484375 0.015625 0.0390625
4 0.41484375 0.3984375 0.0140625 0.03515625
4 0.328125 0.3974609375 0.0125 0.037109375
1 0.9234375 0.400390625 0.084375 0.0703125