4 0.14609375 0.4765625 0.0484375 0.12890625
4 0.28046875 0.4716796875 0.0234375 0.095703125
4 0.3921875 0.48828125 0.04375 0.15625
1 0.02890625 0.482421875 0.0578125 0.1171875
1 0.06484375 0.4755859375 0.0515625 0.087890625
1 0.33046875 0.47265625 0.0796875 0.08203125
1 0.43828125 0.44921875 0.0703125 0.0390625
1 0.4421875 0.4951171875 0.065625 0.095703125
1 0.4984375 0.484375 0.0875 0.12109375
1 0.52421875 0.4921875 0.0734375 0.1328125
1 0.740625 0.470703125 0.409375 0.2890625
1 0.25 0.4697265625 0.0375 0.056640625
1 0.1875 0.4638671875 0.040625 0.044921875
1 0.21796875 0.46484375 0.0328125 0.046875