1 0.93203125 0.56640625 0.1328125 0.27734375
1 0.80859375 0.5361328125 0.1171875 0.197265625
1 0.784375 0.501953125 0.15625 0.19140625
4 0.675 0.513671875 0.075 0.2734375
1 0.62578125 0.49609375 0.0640625 0.171875
2 0.584375 0.5478515625 0.021875 0.052734375
4 0.55546875 0.494140625 0.0265625 0.140625
4 0.53046875 0.498046875 0.0265625 0.1328125
1 0.5046875 0.484375 0.03125 0.09765625
1 0.378125 0.4970703125 0.221875 0.291015625
1 0.22421875 0.4912109375 0.0859375 0.087890625
1 0.14453125 0.498046875 0.1578125 0.12109375
1 0.09296875 0.5126953125 0.1203125 0.138671875
1 0.21015625 0.4521484375 0.1484375 0.080078125
1 0.2015625 0.4990234375 0.071875 0.091796875
1 0.0625 0.525390625 0.121875 0.16796875