4 0.1421875 0.4736328125 0.084375 0.162109375
1 0.61640625 0.4609375 0.0859375 0.0859375
1 0.56953125 0.447265625 0.0453125 0.0703125
1 0.54375 0.455078125 0.021875 0.05078125
1 0.5265625 0.447265625 0.021875 0.0390625
1 0.51171875 0.4443359375 0.0234375 0.033203125
1 0.49453125 0.4443359375 0.0171875 0.021484375
1 0.465625 0.4453125 0.01875 0.0234375
1 0.4421875 0.4443359375 0.01875 0.017578125
1 0.34609375 0.4619140625 0.0546875 0.072265625
1 0.275 0.47265625 0.096875 0.09765625
0 0.01328125 0.5185546875 0.0265625 0.068359375