4 0.75234375 0.466796875 0.0359375 0.08984375
4 0.7125 0.4609375 0.021875 0.078125
4 0.65 0.5078125 0.0625 0.16015625
4 0.53671875 0.5166015625 0.0859375 0.201171875
4 0.29765625 0.4765625 0.0578125 0.12890625
4 0.15859375 0.57421875 0.1515625 0.421875
4 0.44296875 0.6318359375 0.1515625 0.263671875
0 0.65078125 0.55078125 0.1234375 0.08203125
0 0.553125 0.587890625 0.159375 0.09765625
1 0.57578125 0.4775390625 0.0671875 0.064453125
1 0.2515625 0.4658203125 0.078125 0.056640625
4 0.9828125 0.44921875 0.025 0.05078125
4 0.85234375 0.4404296875 0.0296875 0.033203125
4 0.02890625 0.427734375 0.0234375 0.04296875
4 0.07734375 0.4375 0.0203125 0.03125
4 0.06328125 0.4365234375 0.0234375 0.029296875