0 0.5890625 0.54296875 0.034375 0.11328125
0 0.50390625 0.5439453125 0.0234375 0.103515625
0 0.43046875 0.505859375 0.0203125 0.0625
4 0.471875 0.478515625 0.028125 0.08203125
4 0.86484375 0.43359375 0.0234375 0.05078125
4 0.7859375 0.4404296875 0.040625 0.068359375
4 0.753125 0.4384765625 0.028125 0.056640625
1 0.15859375 0.5107421875 0.1546875 0.115234375
1 0.24296875 0.4951171875 0.0609375 0.087890625
1 0.27578125 0.4853515625 0.0453125 0.072265625
1 0.4484375 0.47265625 0.015625 0.0234375
0 0.9421875 0.5322265625 0.1 0.205078125
0 0.84296875 0.552734375 0.0828125 0.13671875
0 0.7703125 0.5322265625 0.053125 0.107421875
0 0.725 0.509765625 0.040625 0.078125
0 0.63984375 0.490234375 0.0234375 0.0625
0 0.61953125 0.494140625 0.0234375 0.0703125
4 0.59296875 0.4345703125 0.0421875 0.115234375
4 0.5046875 0.44921875 0.04375 0.09375
4 0.4265625 0.4541015625 0.025 0.052734375
1 0.40625 0.474609375 0.021875 0.03125
1 0.3859375 0.4658203125 0.01875 0.025390625
0 0.075 0.515625 0.01875 0.0546875
0 0.05546875 0.5068359375 0.0234375 0.060546875