0 0.98046875 0.6044921875 0.0359375 0.154296875
0 0.69453125 0.4892578125 0.0328125 0.068359375
4 0.1046875 0.4814453125 0.025 0.076171875
1 0.3125 0.4755859375 0.046875 0.044921875
1 0.3921875 0.4638671875 0.021875 0.029296875
0 0.65546875 0.4931640625 0.0234375 0.064453125
0 0.63359375 0.4931640625 0.0234375 0.064453125
0 0.6171875 0.4921875 0.021875 0.0625
0 0.58359375 0.4814453125 0.0203125 0.044921875
0 0.03359375 0.498046875 0.0359375 0.04296875
1 0.37109375 0.46875 0.0234375 0.03125
1 0.3453125 0.4677734375 0.028125 0.037109375
0 0.2359375 0.4931640625 0.025 0.052734375
0 0.215625 0.490234375 0.021875 0.05859375