1 0.56796875 0.50390625 0.1046875 0.09375
1 0.5140625 0.49609375 0.046875 0.078125
1 0.49375 0.4921875 0.03125 0.0546875
1 0.4171875 0.48828125 0.053125 0.05078125
1 0.47109375 0.4853515625 0.0234375 0.041015625
0 0.2734375 0.4931640625 0.009375 0.044921875
4 0.70234375 0.4814453125 0.0234375 0.083984375
4 0.66953125 0.484375 0.0203125 0.07421875
0 0.15078125 0.51171875 0.0328125 0.07421875
4 0.375 0.470703125 0.009375 0.0234375
0 0.375 0.4873046875 0.009375 0.021484375
0 0.29296875 0.5126953125 0.0171875 0.037109375
4 0.29140625 0.4736328125 0.0234375 0.029296875
0 0.2609375 0.494140625 0.01875 0.0390625
0 0.22421875 0.5068359375 0.0203125 0.052734375
0 0.20703125 0.501953125 0.0265625 0.06640625
0 0.17578125 0.501953125 0.0234375 0.05078125
0 0.1234375 0.509765625 0.03125 0.0703125
0 0.090625 0.5361328125 0.046875 0.056640625
0 0.05546875 0.5234375 0.0328125 0.07421875
1 0.97109375 0.4990234375 0.0546875 0.076171875
4 0.7859375 0.4853515625 0.01875 0.064453125