1 0.5625 0.462890625 0.09375 0.09375
1 0.50625 0.4580078125 0.040625 0.060546875
1 0.3515625 0.466796875 0.053125 0.046875
1 0.1828125 0.4833984375 0.0875 0.076171875
1 0.2328125 0.4775390625 0.046875 0.068359375
1 0.2625 0.470703125 0.0375 0.05859375
1 0.28671875 0.4677734375 0.0140625 0.044921875
0 0.8046875 0.5478515625 0.159375 0.087890625
1 0.31875 0.4638671875 0.034375 0.037109375
4 0.80234375 0.44921875 0.0890625 0.1171875
1 0.48125 0.4599609375 0.01875 0.029296875
1 0.4578125 0.4560546875 0.015625 0.025390625
1 0.1203125 0.4560546875 0.025 0.041015625
1 0.08671875 0.4638671875 0.0296875 0.033203125
1 0.01875 0.455078125 0.03125 0.046875
0 0.0203125 0.5 0.040625 0.04296875