1 0.88828125 0.53125 0.2203125 0.21484375
1 0.7890625 0.49609375 0.178125 0.171875
1 0.71484375 0.5068359375 0.0828125 0.091796875
4 0.6453125 0.455078125 0.034375 0.07421875
0 0.64609375 0.53125 0.0296875 0.07421875
1 0.609375 0.4853515625 0.0375 0.064453125
1 0.58828125 0.470703125 0.0328125 0.0546875
1 0.44296875 0.5078125 0.2046875 0.2421875
1 0.33671875 0.4853515625 0.0421875 0.072265625
1 0.2734375 0.478515625 0.084375 0.09375
1 0.121875 0.5234375 0.159375 0.1171875
1 0.11796875 0.44921875 0.0734375 0.03515625