4 0.93125 0.560546875 0.0625 0.3828125
1 0.8828125 0.5712890625 0.034375 0.134765625
1 0.8484375 0.51953125 0.109375 0.17578125
1 0.778125 0.4775390625 0.2875 0.205078125
1 0.63984375 0.4892578125 0.0234375 0.115234375
1 0.58515625 0.486328125 0.0921875 0.109375
1 0.53984375 0.484375 0.1296875 0.078125
1 0.45078125 0.4775390625 0.0859375 0.068359375
4 0.3984375 0.47265625 0.021875 0.0546875
1 0.36875 0.4677734375 0.03125 0.064453125
1 0.33984375 0.4736328125 0.0265625 0.033203125
1 0.31171875 0.470703125 0.0296875 0.03515625
1 0.28359375 0.4658203125 0.0265625 0.033203125
1 0.2453125 0.4814453125 0.0625 0.072265625
1 0.16875 0.486328125 0.13125 0.125
1 0.12578125 0.505859375 0.0828125 0.1484375