1 0.84140625 0.6376953125 0.3015625 0.294921875
1 0.74609375 0.5595703125 0.2171875 0.212890625
1 0.64140625 0.5107421875 0.0796875 0.115234375
1 0.43671875 0.4736328125 0.0703125 0.041015625
1 0.28984375 0.5224609375 0.0703125 0.072265625
1 0.24140625 0.5419921875 0.0703125 0.099609375
1 0.13203125 0.56640625 0.1796875 0.15625
1 0.06484375 0.6298828125 0.1265625 0.177734375
4 0.05703125 0.5048828125 0.0296875 0.068359375
1 0.49140625 0.4619140625 0.0328125 0.033203125
1 0.509375 0.4609375 0.021875 0.02734375
1 0.53984375 0.4541015625 0.0265625 0.029296875
4 0.58671875 0.46875 0.0234375 0.0390625
1 0.93359375 0.4921875 0.1109375 0.1015625
4 0.16953125 0.45703125 0.0203125 0.046875
4 0.18984375 0.453125 0.0203125 0.0234375
4 0.2046875 0.453125 0.021875 0.02734375