1 0.69375 0.5771484375 0.11875 0.134765625
1 0.56640625 0.6376953125 0.2828125 0.212890625
1 0.37421875 0.5458984375 0.0484375 0.068359375
1 0.30546875 0.55859375 0.0984375 0.08203125
4 0.88046875 0.646484375 0.0765625 0.234375
4 0.8203125 0.6416015625 0.0625 0.216796875
4 0.2328125 0.568359375 0.05625 0.1640625
1 0.12734375 0.572265625 0.1703125 0.13671875
1 0.63046875 0.5322265625 0.0328125 0.033203125
1 0.5984375 0.529296875 0.0375 0.02734375
1 0.4125 0.5419921875 0.034375 0.052734375
1 0.4390625 0.5380859375 0.025 0.041015625
1 0.45390625 0.52734375 0.0328125 0.0390625
1 0.0234375 0.501953125 0.046875 0.09375
1 0.1484375 0.4921875 0.078125 0.03125