0 0.7484375 0.6533203125 0.084375 0.244140625
0 0.59921875 0.5361328125 0.0296875 0.119140625
0 0.48359375 0.521484375 0.0359375 0.1015625
0 0.403125 0.5380859375 0.028125 0.119140625
0 0.3109375 0.546875 0.028125 0.125
1 0.23984375 0.4755859375 0.0859375 0.072265625
4 0.1515625 0.4521484375 0.021875 0.060546875
1 0.121875 0.4453125 0.0375 0.0546875
4 0.94609375 0.419921875 0.0359375 0.03125
0 0.871875 0.529296875 0.08125 0.1328125
0 0.959375 0.560546875 0.078125 0.2109375
0 0.8015625 0.5439453125 0.046875 0.111328125
4 0.27265625 0.443359375 0.0171875 0.03515625
4 0.7359375 0.451171875 0.109375 0.3046875
4 0.64453125 0.466796875 0.0234375 0.04296875
4 0.60078125 0.4716796875 0.0421875 0.208984375
4 0.48046875 0.482421875 0.0546875 0.16796875
4 0.40390625 0.4765625 0.0484375 0.1953125
4 0.309375 0.4990234375 0.046875 0.193359375
0 0.1296875 0.490234375 0.021875 0.05078125