1 0.5484375 0.478515625 0.078125 0.08203125
1 0.1578125 0.48046875 0.05 0.08984375
0 0.19609375 0.541015625 0.0328125 0.06640625
0 0.2703125 0.5185546875 0.021875 0.060546875
0 0.30625 0.5048828125 0.025 0.052734375
0 0.06484375 0.5556640625 0.0703125 0.091796875
0 0.5890625 0.6044921875 0.103125 0.107421875
0 0.7 0.59375 0.1 0.14453125
4 0.6359375 0.5126953125 0.103125 0.193359375
4 0.065625 0.48828125 0.06875 0.16796875
4 0.1984375 0.4912109375 0.046875 0.126953125
4 0.26328125 0.48046875 0.0296875 0.09765625
4 0.303125 0.4755859375 0.03125 0.072265625
1 0.021875 0.50390625 0.0375 0.1171875
1 0.5078125 0.4814453125 0.021875 0.044921875
1 0.5015625 0.474609375 0.028125 0.04296875
1 0.38828125 0.4736328125 0.0359375 0.033203125