1 0.42734375 0.5634765625 0.3390625 0.255859375
4 0.9875 0.4892578125 0.021875 0.130859375
2 0.9625 0.5283203125 0.021875 0.037109375
4 0.05 0.4599609375 0.025 0.091796875
0 0.609375 0.478515625 0.01875 0.05078125
4 0.67734375 0.435546875 0.0234375 0.03515625
0 0.59140625 0.4794921875 0.0234375 0.052734375
0 0.578125 0.482421875 0.025 0.05078125
0 0.56171875 0.478515625 0.0234375 0.04296875
4 0.54453125 0.451171875 0.0109375 0.0390625
4 0.0796875 0.462890625 0.021875 0.07421875
4 0.00859375 0.4638671875 0.0171875 0.076171875
0 0.10703125 0.4765625 0.0265625 0.046875
4 0.15078125 0.443359375 0.0171875 0.02734375
4 0.2203125 0.4873046875 0.03125 0.052734375