1 0.08671875 0.5419921875 0.1671875 0.162109375
1 0.2546875 0.4970703125 0.128125 0.095703125
1 0.359375 0.478515625 0.1 0.0859375
1 0.59765625 0.4775390625 0.0546875 0.056640625
1 0.63125 0.5029296875 0.08125 0.087890625
1 0.7015625 0.5322265625 0.140625 0.134765625
4 0.5609375 0.46484375 0.01875 0.0390625
4 0.43828125 0.4560546875 0.0140625 0.037109375
4 0.4640625 0.4560546875 0.01875 0.033203125
4 0.484375 0.4638671875 0.01875 0.037109375
1 0.67890625 0.455078125 0.0484375 0.03125
1 0.79140625 0.484375 0.0796875 0.0625
1 0.83828125 0.484375 0.0609375 0.0546875