1 0.0828125 0.6640625 0.165625 0.2734375
4 0.86640625 0.53515625 0.0453125 0.13671875
4 0.615625 0.50390625 0.03125 0.08984375
0 0.615625 0.53515625 0.021875 0.05078125
1 0.73984375 0.470703125 0.0859375 0.0546875
1 0.6359375 0.4892578125 0.034375 0.052734375
1 0.56171875 0.46875 0.0484375 0.0390625
1 0.434375 0.455078125 0.040625 0.03125
4 0.25078125 0.4794921875 0.0234375 0.072265625
4 0.29609375 0.48828125 0.0296875 0.0625
4 0.1578125 0.48046875 0.025 0.04296875
4 0.5265625 0.4521484375 0.01875 0.037109375