4 0.740625 0.4765625 0.04375 0.1171875
4 0.709375 0.4765625 0.040625 0.1328125
4 0.68125 0.46875 0.028125 0.09375
4 0.6515625 0.4736328125 0.028125 0.087890625
1 0.809375 0.458984375 0.0625 0.08203125
1 0.92578125 0.4501953125 0.1453125 0.146484375
1 0.9515625 0.4921875 0.090625 0.12109375
1 0.4328125 0.4716796875 0.040625 0.044921875
4 0.553125 0.4599609375 0.021875 0.044921875
4 0.58671875 0.4609375 0.0203125 0.05859375
4 0.6046875 0.462890625 0.01875 0.0625
4 0.6296875 0.451171875 0.01875 0.05078125
4 0.6171875 0.453125 0.01875 0.05859375
4 0.16796875 0.48046875 0.0203125 0.0390625
4 0.128125 0.490234375 0.01875 0.03515625
4 0.1125 0.4921875 0.01875 0.05859375