1 0.88125 0.578125 0.234375 0.40625
1 0.575 0.48046875 0.059375 0.0703125
1 0.5421875 0.4716796875 0.021875 0.056640625
1 0.5296875 0.46484375 0.01875 0.04296875
4 0.5125 0.4658203125 0.01875 0.044921875
1 0.4484375 0.4658203125 0.0375 0.037109375
1 0.415625 0.431640625 0.015625 0.01953125
1 0.4203125 0.4560546875 0.015625 0.021484375
1 0.37578125 0.4677734375 0.0328125 0.037109375
1 0.340625 0.482421875 0.04375 0.0546875
1 0.2875 0.484375 0.075 0.09375
4 0.22734375 0.4697265625 0.0203125 0.072265625
4 0.20703125 0.4765625 0.0203125 0.05859375