1 0.053125 0.5537109375 0.103125 0.193359375
1 0.63671875 0.484375 0.0734375 0.08984375
1 0.66015625 0.5029296875 0.0828125 0.095703125
1 0.74140625 0.529296875 0.1578125 0.1640625
1 0.846875 0.599609375 0.28125 0.25390625
4 0.88125 0.47265625 0.053125 0.0546875
4 0.9734375 0.5419921875 0.046875 0.224609375
4 0.59375 0.4892578125 0.034375 0.115234375
4 0.37421875 0.478515625 0.0234375 0.0859375
4 0.3546875 0.453125 0.021875 0.0625
0 0.33203125 0.517578125 0.0359375 0.078125
4 0.334375 0.48046875 0.040625 0.0859375
1 0.5375 0.4521484375 0.025 0.029296875
1 0.575 0.46484375 0.021875 0.03515625
1 0.44609375 0.451171875 0.0265625 0.02734375
4 0.4640625 0.4521484375 0.0125 0.029296875
1 0.49609375 0.447265625 0.0140625 0.015625
1 0.07421875 0.490234375 0.1046875 0.09765625
1 0.4015625 0.4541015625 0.040625 0.033203125