0 0.4390625 0.654296875 0.040625 0.203125
0 0.7296875 0.6611328125 0.065625 0.185546875
0 0.88203125 0.5712890625 0.0609375 0.134765625
0 0.8078125 0.5771484375 0.08125 0.154296875
0 0.54140625 0.5732421875 0.0296875 0.115234375
4 0.83828125 0.4833984375 0.0296875 0.072265625
4 0.36640625 0.4912109375 0.0140625 0.044921875
1 0.34375 0.4951171875 0.034375 0.029296875
1 0.30078125 0.5 0.0484375 0.04296875
0 0.14765625 0.517578125 0.0203125 0.0546875
1 0.3796875 0.48828125 0.0125 0.01953125
4 0.725 0.5244140625 0.09375 0.279296875
4 0.540625 0.50390625 0.053125 0.19140625
4 0.4375 0.544921875 0.096875 0.30859375
4 0.50625 0.484375 0.0125 0.046875