1 0.6125 0.4931640625 0.046875 0.052734375
1 0.48203125 0.4892578125 0.0328125 0.052734375
1 0.271875 0.5068359375 0.10625 0.072265625
1 0.18671875 0.5029296875 0.0703125 0.083984375
4 0.85546875 0.583984375 0.1578125 0.3984375
4 0.69375 0.4970703125 0.025 0.068359375
4 0.3640625 0.48828125 0.015625 0.05859375
1 0.31875 0.486328125 0.040625 0.0390625
4 0.565625 0.490234375 0.01875 0.05078125
4 0.55625 0.4892578125 0.01875 0.052734375
1 0.08203125 0.5048828125 0.0296875 0.068359375
1 0.65234375 0.486328125 0.0203125 0.01953125
1 0.74453125 0.494140625 0.0171875 0.03125