1 0.06484375 0.6376953125 0.1296875 0.216796875
1 0.23984375 0.53125 0.1265625 0.12109375
1 0.296875 0.501953125 0.06875 0.0703125
1 0.32421875 0.486328125 0.0515625 0.05859375
1 0.359375 0.474609375 0.04375 0.05078125
1 0.3828125 0.4619140625 0.053125 0.044921875
1 0.596875 0.4794921875 0.078125 0.064453125
1 0.84375 0.640625 0.309375 0.35546875
1 0.41640625 0.4521484375 0.0421875 0.037109375
1 0.4484375 0.44140625 0.028125 0.0234375
1 0.46171875 0.4296875 0.0203125 0.0234375
1 0.565625 0.4619140625 0.05 0.041015625
1 0.88125 0.4609375 0.08125 0.03125