1 0.85703125 0.55078125 0.2828125 0.27734375
1 0.70625 0.51953125 0.121875 0.1484375
1 0.6046875 0.4814453125 0.075 0.087890625
1 0.553125 0.466796875 0.028125 0.03515625
4 0.52734375 0.458984375 0.0109375 0.03125
1 0.49453125 0.4736328125 0.0546875 0.052734375
1 0.4609375 0.44921875 0.015625 0.01953125
1 0.45625 0.439453125 0.015625 0.01953125
1 0.425 0.4716796875 0.01875 0.029296875
1 0.396875 0.4736328125 0.0375 0.048828125
4 0.359375 0.4619140625 0.015625 0.044921875
1 0.28125 0.49609375 0.159375 0.16796875