1 0.3375 0.5166015625 0.059375 0.060546875
1 0.375 0.5126953125 0.021875 0.041015625
1 0.4546875 0.5107421875 0.040625 0.044921875
0 0.721875 0.5546875 0.09375 0.07421875
4 0.821875 0.5126953125 0.01875 0.076171875
4 0.2953125 0.50390625 0.021875 0.03515625
1 0.52734375 0.580078125 0.1703125 0.17578125
1 0.11484375 0.6416015625 0.2265625 0.291015625
4 0.58515625 0.5078125 0.0203125 0.046875
4 0.68359375 0.49609375 0.0203125 0.04296875
4 0.15390625 0.48828125 0.0234375 0.02734375
4 0.13828125 0.486328125 0.0140625 0.01953125