4 0.309375 0.5107421875 0.034375 0.134765625
1 0.08828125 0.5830078125 0.1765625 0.162109375
1 0.18671875 0.541015625 0.1109375 0.11328125
1 0.2484375 0.5224609375 0.078125 0.115234375
1 0.3484375 0.47265625 0.059375 0.05859375
1 0.415625 0.486328125 0.075 0.0625
1 0.57578125 0.4912109375 0.0515625 0.068359375
1 0.59765625 0.513671875 0.0515625 0.09375
1 0.69140625 0.5517578125 0.1984375 0.197265625
1 0.4875 0.44140625 0.025 0.02734375
4 0.5 0.453125 0.01875 0.046875
1 0.05 0.462890625 0.1 0.03125
1 0.4609375 0.4423828125 0.025 0.025390625
1 0.5609375 0.4833984375 0.046875 0.060546875