4 0.65234375 0.568359375 0.0484375 0.1875
4 0.41328125 0.4765625 0.0234375 0.078125
4 0.396875 0.478515625 0.025 0.07421875
4 0.3796875 0.478515625 0.025 0.08203125
1 0.05 0.49609375 0.1 0.08203125
1 0.08046875 0.611328125 0.1609375 0.203125
1 0.1765625 0.5537109375 0.134375 0.126953125
1 0.28046875 0.515625 0.1578125 0.08984375
1 0.29453125 0.47265625 0.0765625 0.0390625
1 0.33828125 0.4658203125 0.0578125 0.052734375
1 0.5640625 0.4736328125 0.04375 0.052734375
1 0.5921875 0.4921875 0.059375 0.05859375
1 0.62578125 0.5146484375 0.0546875 0.087890625
1 0.78515625 0.5771484375 0.2453125 0.216796875
1 0.9640625 0.8232421875 0.065625 0.216796875
1 0.7484375 0.453125 0.065625 0.0390625
1 0.52734375 0.44921875 0.0265625 0.03515625
1 0.4234375 0.44921875 0.028125 0.0234375
4 0.62265625 0.462890625 0.0140625 0.03125
4 0.61328125 0.4541015625 0.0140625 0.037109375
4 0.6 0.451171875 0.01875 0.0234375