4 0.6171875 0.583984375 0.084375 0.2578125
4 0.41640625 0.5908203125 0.0921875 0.263671875
0 0.42265625 0.6923828125 0.0328125 0.150390625
1 0.0359375 0.595703125 0.06875 0.20703125
1 0.1421875 0.5732421875 0.165625 0.162109375
1 0.31484375 0.4970703125 0.0609375 0.064453125
1 0.74609375 0.5947265625 0.1734375 0.177734375
1 0.8625 0.677734375 0.26875 0.3046875
1 0.07734375 0.478515625 0.0671875 0.078125
1 0.27421875 0.48046875 0.0921875 0.0625
1 0.3640625 0.48046875 0.046875 0.06640625
1 0.46015625 0.4501953125 0.0328125 0.037109375
1 0.55859375 0.4619140625 0.0359375 0.041015625
1 0.590625 0.4892578125 0.053125 0.068359375
1 0.646875 0.505859375 0.053125 0.078125
1 0.68125 0.4619140625 0.078125 0.033203125
1 0.8515625 0.4716796875 0.115625 0.064453125
1 0.8234375 0.4619140625 0.1125 0.060546875
1 0.9390625 0.8515625 0.1125 0.2890625