4 0.809375 0.46484375 0.0375 0.1015625
4 0.7703125 0.4716796875 0.028125 0.087890625
4 0.73359375 0.4462890625 0.0203125 0.037109375
4 0.72109375 0.45703125 0.0234375 0.07421875
4 0.63984375 0.44921875 0.0140625 0.05078125
4 0.62578125 0.45703125 0.0140625 0.0390625
4 0.6125 0.447265625 0.0125 0.03125
4 0.58984375 0.45703125 0.0171875 0.05078125
4 0.5328125 0.4580078125 0.015625 0.037109375
1 0.4171875 0.466796875 0.065625 0.0859375
1 0.384375 0.462890625 0.01875 0.02734375
1 0.36796875 0.4619140625 0.0203125 0.029296875
1 0.35078125 0.462890625 0.0203125 0.03515625
1 0.31953125 0.46484375 0.0421875 0.046875
4 0.178125 0.4794921875 0.01875 0.048828125