4 0.16875 0.455078125 0.046875 0.15234375
4 0.2953125 0.462890625 0.046875 0.109375
4 0.37265625 0.458984375 0.0453125 0.09765625
4 0.46171875 0.4375 0.0421875 0.11328125
4 0.49765625 0.423828125 0.0265625 0.078125
4 0.52421875 0.431640625 0.0328125 0.10546875
4 0.5546875 0.4365234375 0.03125 0.064453125
4 0.6234375 0.4462890625 0.034375 0.087890625
1 0.23203125 0.41015625 0.0734375 0.0625
1 0.35390625 0.4208984375 0.1421875 0.095703125
0 0.17109375 0.5107421875 0.1046875 0.068359375
0 0.2984375 0.5087890625 0.084375 0.064453125
0 0.37109375 0.5 0.0453125 0.04296875
0 0.45390625 0.4951171875 0.0484375 0.052734375
0 0.52578125 0.4814453125 0.0421875 0.052734375
0 0.621875 0.4736328125 0.034375 0.041015625
0 0.55546875 0.47265625 0.0421875 0.0390625
0 0.73984375 0.4658203125 0.0265625 0.041015625
4 0.74609375 0.4345703125 0.0296875 0.072265625