1 0.05390625 0.3974609375 0.0484375 0.056640625
1 0.109375 0.400390625 0.053125 0.05859375
4 0.0859375 0.443359375 0.0375 0.1328125
0 0.0640625 0.4951171875 0.034375 0.060546875
0 0.11015625 0.4912109375 0.0359375 0.060546875
4 0.27578125 0.4462890625 0.0421875 0.126953125
4 0.32109375 0.4384765625 0.0453125 0.095703125
4 0.384375 0.42578125 0.034375 0.05078125
4 0.434375 0.4296875 0.034375 0.08984375
0 0.321875 0.4677734375 0.040625 0.056640625
4 0.234375 0.4306640625 0.021875 0.041015625
4 0.21015625 0.4375 0.0328125 0.05078125
0 0.384375 0.462890625 0.040625 0.0390625
4 0.46875 0.4296875 0.028125 0.0625
1 0.8515625 0.427734375 0.075 0.08203125
1 0.765625 0.4248046875 0.1 0.087890625
4 0.028125 0.4541015625 0.053125 0.099609375
0 0.0140625 0.498046875 0.028125 0.05859375
4 0.14609375 0.4443359375 0.0359375 0.095703125
0 0.14296875 0.490234375 0.0296875 0.0546875