1 0.08046875 0.5029296875 0.1609375 0.119140625
4 0.209375 0.46875 0.03125 0.05078125
1 0.20234375 0.5625 0.1796875 0.1484375
1 0.35 0.482421875 0.075 0.08203125
1 0.60625 0.4873046875 0.04375 0.056640625
1 0.6875 0.5185546875 0.09375 0.087890625
1 0.79921875 0.5390625 0.2171875 0.16796875
1 0.871875 0.626953125 0.253125 0.26171875
1 0.9546875 0.7802734375 0.084375 0.224609375
1 0.5859375 0.474609375 0.021875 0.04296875
1 0.57734375 0.47265625 0.0359375 0.0390625
1 0.56171875 0.458984375 0.0328125 0.03125
1 0.54609375 0.451171875 0.0234375 0.02734375
1 0.27421875 0.4638671875 0.0421875 0.056640625
1 0.41328125 0.44140625 0.0234375 0.03125