0 0.86015625 0.5439453125 0.0609375 0.099609375
0 0.96484375 0.576171875 0.0609375 0.1171875
4 0.6921875 0.470703125 0.028125 0.078125
4 0.66484375 0.4697265625 0.0265625 0.091796875
4 0.53359375 0.4677734375 0.0296875 0.072265625
4 0.38359375 0.474609375 0.0296875 0.0703125
4 0.32421875 0.4775390625 0.0234375 0.072265625
4 0.3078125 0.4658203125 0.025 0.064453125
4 0.259375 0.4775390625 0.034375 0.064453125
4 0.2015625 0.46875 0.028125 0.05859375
1 0.56328125 0.453125 0.0421875 0.0390625
1 0.459375 0.4384765625 0.025 0.029296875
0 0.76484375 0.5732421875 0.1515625 0.115234375
4 0.1546875 0.4609375 0.021875 0.03515625
4 0.1765625 0.455078125 0.01875 0.03125
4 0.41796875 0.4453125 0.0203125 0.03515625
0 0.25390625 0.5078125 0.0484375 0.03125