1 0.54609375 0.4765625 0.0796875 0.08203125
1 0.35546875 0.4716796875 0.0515625 0.044921875
1 0.04296875 0.5009765625 0.0828125 0.115234375
4 0.609375 0.5146484375 0.06875 0.162109375
4 0.29453125 0.4931640625 0.0546875 0.162109375
4 0.1734375 0.494140625 0.04375 0.13671875
0 0.9609375 0.59765625 0.06875 0.09375
0 0.64765625 0.5673828125 0.0765625 0.119140625
0 0.56484375 0.576171875 0.0671875 0.08984375
0 0.31171875 0.5556640625 0.0453125 0.076171875
0 0.27109375 0.55859375 0.0328125 0.06640625
0 0.1703125 0.54296875 0.034375 0.0625
1 0.50703125 0.4814453125 0.0265625 0.041015625
1 0.5015625 0.474609375 0.034375 0.05078125
1 0.15 0.4755859375 0.03125 0.076171875
0 0.2125 0.515625 0.025 0.046875
4 0.21171875 0.4755859375 0.0265625 0.087890625
1 0.3890625 0.4716796875 0.028125 0.033203125