4 0.5578125 0.49609375 0.1125 0.171875
4 0.2546875 0.5 0.053125 0.171875
4 0.178125 0.4912109375 0.04375 0.130859375
1 0.0421875 0.5 0.08125 0.12890625
1 0.3109375 0.4755859375 0.0375 0.041015625
1 0.3515625 0.4755859375 0.05625 0.052734375
0 0.6203125 0.556640625 0.084375 0.140625
0 0.52265625 0.5712890625 0.0734375 0.099609375
0 0.25703125 0.5556640625 0.0609375 0.107421875
0 0.175 0.537109375 0.03125 0.0703125
1 0.509375 0.4814453125 0.021875 0.052734375
1 0.49921875 0.4765625 0.0234375 0.04296875
1 0.38515625 0.4716796875 0.0234375 0.033203125
1 0.153125 0.4765625 0.0375 0.078125