1 0.64765625 0.509765625 0.0765625 0.08203125
1 0.63046875 0.486328125 0.0765625 0.07421875
1 0.7515625 0.5361328125 0.184375 0.189453125
1 0.85390625 0.6201171875 0.2859375 0.271484375
1 0.95703125 0.759765625 0.0828125 0.2578125
1 0.284375 0.5 0.10625 0.09375
1 0.096875 0.482421875 0.096875 0.09765625
4 0.5765625 0.478515625 0.021875 0.08203125
4 0.42578125 0.4697265625 0.0203125 0.064453125
4 0.4078125 0.4677734375 0.021875 0.064453125
1 0.52734375 0.453125 0.0203125 0.03125
1 0.0671875 0.5263671875 0.125 0.201171875
1 0.1984375 0.46875 0.040625 0.0546875
4 0.47734375 0.46484375 0.0171875 0.046875
0 0.47734375 0.4755859375 0.0203125 0.037109375