4 0.94453125 0.5166015625 0.0859375 0.326171875
4 0.87890625 0.56640625 0.0484375 0.2109375
4 0.80703125 0.5126953125 0.0578125 0.212890625
4 0.72421875 0.5078125 0.0390625 0.19140625
1 0.76796875 0.4580078125 0.0328125 0.029296875
1 0.759375 0.4833984375 0.028125 0.029296875
1 0.6828125 0.4853515625 0.0375 0.044921875
1 0.6203125 0.4716796875 0.065625 0.068359375
1 0.56015625 0.474609375 0.0328125 0.06640625
1 0.496875 0.4736328125 0.028125 0.037109375
1 0.46796875 0.47265625 0.0234375 0.03125
1 0.39296875 0.515625 0.1484375 0.1640625
1 0.3296875 0.462890625 0.021875 0.02734375
1 0.2828125 0.474609375 0.078125 0.0546875
1 0.15625 0.5029296875 0.178125 0.130859375
1 0.0359375 0.556640625 0.071875 0.2421875