1 0.93203125 0.4853515625 0.1296875 0.294921875
2 0.9359375 0.71875 0.125 0.1640625
1 0.8359375 0.4931640625 0.05625 0.130859375
4 0.7671875 0.568359375 0.103125 0.40234375
4 0.70234375 0.521484375 0.0546875 0.29296875
1 0.63515625 0.5166015625 0.0796875 0.154296875
1 0.5828125 0.5009765625 0.03125 0.095703125
1 0.55 0.4921875 0.03125 0.078125
1 0.5125 0.4833984375 0.046875 0.068359375
1 0.47890625 0.4736328125 0.0203125 0.052734375
1 0.46015625 0.470703125 0.0203125 0.0546875
1 0.4015625 0.478515625 0.10625 0.140625
1 0.3390625 0.4580078125 0.025 0.037109375
1 0.3125 0.462890625 0.034375 0.046875
1 0.2890625 0.47265625 0.04375 0.06640625
1 0.2484375 0.4814453125 0.05 0.091796875
1 0.2171875 0.48828125 0.046875 0.1328125
1 0.1671875 0.482421875 0.046875 0.14453125
1 0.1375 0.5185546875 0.04375 0.154296875
1 0.05546875 0.490234375 0.1109375 0.41015625