1 0.15859375 0.443359375 0.0890625 0.08203125
0 0.6515625 0.5419921875 0.021875 0.107421875
4 0.64765625 0.482421875 0.0546875 0.16796875
0 0.53984375 0.548828125 0.0484375 0.078125
4 0.5328125 0.4921875 0.065625 0.140625
4 0.4421875 0.453125 0.0375 0.10546875
0 0.44140625 0.498046875 0.0265625 0.05859375
4 0.37109375 0.4453125 0.0234375 0.07421875
4 0.390625 0.4462890625 0.021875 0.060546875
0 0.390625 0.4697265625 0.01875 0.033203125
0 0.37265625 0.470703125 0.0203125 0.046875
0 0.47265625 0.4873046875 0.0203125 0.052734375
4 0.4734375 0.4599609375 0.01875 0.076171875