1 0.95546875 0.5615234375 0.0859375 0.302734375
1 0.87578125 0.5439453125 0.1671875 0.193359375
1 0.84140625 0.4990234375 0.2046875 0.205078125
4 0.7 0.51953125 0.0375 0.1875
1 0.65078125 0.486328125 0.0796875 0.09765625
1 0.5796875 0.498046875 0.08125 0.078125
1 0.465625 0.4921875 0.121875 0.15625
4 0.36015625 0.5068359375 0.0671875 0.201171875
0 0.3640625 0.587890625 0.05625 0.10546875
1 0.21953125 0.5146484375 0.0453125 0.076171875
1 0.1 0.5361328125 0.2 0.181640625
1 0.3 0.482421875 0.05 0.07421875
1 0.12265625 0.43359375 0.1421875 0.046875
1 0.65625 0.51953125 0.0625 0.125
1 0.23671875 0.494140625 0.1296875 0.125