4 0.95 0.4482421875 0.034375 0.072265625
4 0.78515625 0.4638671875 0.0234375 0.072265625
4 0.78515625 0.470703125 0.0203125 0.05078125
4 0.75859375 0.4794921875 0.0140625 0.025390625
4 0.7328125 0.470703125 0.015625 0.03125
1 0.90390625 0.63671875 0.1890625 0.3359375
1 0.52578125 0.486328125 0.1265625 0.1484375
1 0.4546875 0.5234375 0.16875 0.1875
1 0.3453125 0.501953125 0.05625 0.07421875
1 0.303125 0.4794921875 0.028125 0.033203125
1 0.121875 0.4951171875 0.078125 0.083984375
1 0.1859375 0.494140625 0.03125 0.0390625
1 0.053125 0.5322265625 0.10625 0.142578125
4 0.23984375 0.4912109375 0.0609375 0.173828125