4 0.6203125 0.4638671875 0.034375 0.091796875
4 0.5921875 0.470703125 0.028125 0.078125
4 0.0828125 0.470703125 0.025 0.03515625
4 0.0625 0.486328125 0.025 0.06640625
4 0.8859375 0.541015625 0.084375 0.30078125
4 0.95703125 0.5166015625 0.0703125 0.287109375
1 0.80859375 0.4677734375 0.0546875 0.083984375
1 0.72890625 0.4599609375 0.0328125 0.060546875
4 0.6625 0.4306640625 0.01875 0.029296875
4 0.64453125 0.4619140625 0.0234375 0.068359375
4 0.5515625 0.458984375 0.01875 0.046875
1 0.4578125 0.4609375 0.040625 0.03125
4 0.12890625 0.4833984375 0.0203125 0.044921875