4 0.92578125 0.486328125 0.0234375 0.1171875
4 0.7984375 0.470703125 0.028125 0.0625
4 0.4359375 0.4541015625 0.025 0.044921875
4 0.0890625 0.458984375 0.028125 0.09375
4 0.06796875 0.4580078125 0.0296875 0.095703125
1 0.61171875 0.4755859375 0.0421875 0.041015625
1 0.51796875 0.455078125 0.0359375 0.03515625
1 0.165625 0.4765625 0.071875 0.0625
4 0.3109375 0.45703125 0.021875 0.0625
4 0.2234375 0.4521484375 0.021875 0.056640625
4 0.7015625 0.4658203125 0.01875 0.056640625
1 0.5875 0.4658203125 0.021875 0.037109375
1 0.57890625 0.458984375 0.0234375 0.03515625
1 0.56328125 0.455078125 0.0203125 0.0234375
0 0.02265625 0.505859375 0.0453125 0.06640625
4 0.95 0.4873046875 0.03125 0.044921875