1 0.05625 0.58984375 0.1125 0.23828125
1 0.14453125 0.55859375 0.1078125 0.140625
1 0.23046875 0.470703125 0.0953125 0.0546875
1 0.30859375 0.4794921875 0.0671875 0.072265625
1 0.35625 0.4658203125 0.05 0.052734375
1 0.48984375 0.43359375 0.0328125 0.03125
1 0.63359375 0.4658203125 0.0359375 0.064453125
1 0.79453125 0.4794921875 0.1359375 0.087890625
1 0.8875 0.505859375 0.2 0.11328125
4 0.5171875 0.4521484375 0.025 0.056640625
1 0.96953125 0.5537109375 0.0578125 0.154296875
1 0.9734375 0.447265625 0.05 0.05859375
1 0.625 0.4443359375 0.0625 0.044921875