4 0.69296875 0.482421875 0.0515625 0.16015625
4 0.07734375 0.517578125 0.0578125 0.19140625
4 0.0390625 0.4990234375 0.046875 0.150390625
0 0.0703125 0.5830078125 0.046875 0.119140625
0 0.0296875 0.560546875 0.046875 0.0859375
2 0.76953125 0.5400390625 0.0484375 0.060546875
1 0.50078125 0.474609375 0.1078125 0.10546875
1 0.47421875 0.4521484375 0.0859375 0.095703125
1 0.24140625 0.4150390625 0.0515625 0.068359375
1 0.203125 0.4326171875 0.059375 0.083984375
1 0.171875 0.447265625 0.075 0.078125
1 0.11953125 0.46484375 0.0515625 0.0703125
1 0.41484375 0.4228515625 0.0328125 0.037109375
4 0.3125 0.4091796875 0.01875 0.033203125
1 0.28125 0.4150390625 0.021875 0.037109375