4 0.534375 0.498046875 0.034375 0.12109375
4 0.6140625 0.505859375 0.034375 0.125
1 0.9703125 0.6943359375 0.053125 0.166015625
1 0.89921875 0.6181640625 0.1953125 0.177734375
1 0.7828125 0.5576171875 0.13125 0.119140625
1 0.71953125 0.5283203125 0.1046875 0.083984375
1 0.38125 0.5048828125 0.071875 0.087890625
1 0.340625 0.5263671875 0.078125 0.123046875
1 0.17890625 0.5849609375 0.2765625 0.259765625
1 0.05859375 0.69921875 0.1171875 0.28125
1 0.46640625 0.455078125 0.0328125 0.0390625
4 0.43203125 0.4501953125 0.0203125 0.037109375
4 0.415625 0.4404296875 0.01875 0.029296875
4 0.4046875 0.4404296875 0.01875 0.025390625
1 0.4078125 0.4912109375 0.040625 0.072265625
1 0.425 0.48046875 0.034375 0.0625
1 0.93515625 0.5 0.1015625 0.06640625
1 0.67734375 0.4990234375 0.0703125 0.072265625