4 0.6234375 0.53515625 0.0375 0.17578125
4 0.53125 0.529296875 0.05 0.15234375
1 0.72109375 0.5634765625 0.1578125 0.169921875
1 0.44453125 0.46484375 0.0515625 0.0625
1 0.3921875 0.46875 0.046875 0.046875
1 0.33671875 0.490234375 0.0609375 0.0703125
1 0.2984375 0.5048828125 0.0625 0.083984375
1 0.2671875 0.521484375 0.06875 0.09375
1 0.1953125 0.537109375 0.115625 0.1328125
1 0.10078125 0.5888671875 0.1609375 0.158203125
1 0.04140625 0.6259765625 0.0796875 0.169921875
0 0.52890625 0.583984375 0.0234375 0.08984375
1 0.57578125 0.4775390625 0.0484375 0.056640625