1 0.02734375 0.521484375 0.0546875 0.14453125
1 0.08515625 0.505859375 0.1703125 0.1640625
1 0.16953125 0.4921875 0.0953125 0.08984375
1 0.91953125 0.5205078125 0.1578125 0.255859375
1 0.796875 0.5283203125 0.159375 0.177734375
1 0.75390625 0.50390625 0.2453125 0.1640625
4 0.6125 0.501953125 0.04375 0.17578125
4 0.55390625 0.5048828125 0.0609375 0.177734375
1 0.271875 0.4677734375 0.05 0.041015625
1 0.4953125 0.48046875 0.08125 0.078125
4 0.415625 0.474609375 0.021875 0.0625
4 0.39453125 0.470703125 0.0234375 0.06640625
4 0.3546875 0.4697265625 0.021875 0.060546875