2 0.92890625 0.5458984375 0.0296875 0.041015625
2 0.74453125 0.53125 0.0515625 0.05859375
4 0.68515625 0.484375 0.0359375 0.14453125
4 0.34765625 0.4599609375 0.0421875 0.130859375
4 0.2203125 0.44921875 0.028125 0.109375
4 0.178125 0.451171875 0.0375 0.09375
4 0.1296875 0.4619140625 0.040625 0.103515625
1 0.0875 0.462890625 0.071875 0.08984375
1 0.45546875 0.4462890625 0.0703125 0.091796875
1 0.47421875 0.4658203125 0.0828125 0.095703125
1 0.021875 0.43359375 0.04375 0.0625
1 0.240625 0.41796875 0.025 0.046875
0 0.125 0.50390625 0.021875 0.05078125
0 0.18125 0.478515625 0.01875 0.06640625
0 0.21640625 0.482421875 0.0265625 0.06640625
0 0.34375 0.498046875 0.040625 0.08984375