1 0.115625 0.462890625 0.075 0.04296875
1 0.0546875 0.4599609375 0.071875 0.041015625
1 0.90390625 0.4736328125 0.0671875 0.052734375
1 0.93984375 0.4677734375 0.0359375 0.041015625
1 0.96796875 0.4658203125 0.0421875 0.037109375
4 0.63125 0.544921875 0.08125 0.15625
0 0.62890625 0.6416015625 0.0671875 0.099609375
0 0.746875 0.5361328125 0.040625 0.087890625
0 0.68984375 0.533203125 0.0328125 0.06640625
0 0.88984375 0.5283203125 0.0234375 0.041015625
0 0.91328125 0.53515625 0.0203125 0.03515625
0 0.93984375 0.5361328125 0.0265625 0.041015625