1 0.3640625 0.44921875 0.05 0.05078125
1 0.409375 0.431640625 0.028125 0.03515625
1 0.6859375 0.4794921875 0.046875 0.076171875
1 0.85390625 0.509765625 0.1171875 0.140625
1 0.93203125 0.5068359375 0.1296875 0.216796875
4 0.9640625 0.5234375 0.06875 0.234375
0 0.9625 0.62109375 0.059375 0.125
4 0.775 0.484375 0.065625 0.18359375
0 0.775 0.55859375 0.040625 0.10546875
4 0.725 0.490234375 0.04375 0.12890625
0 0.72421875 0.533203125 0.0296875 0.078125
4 0.64765625 0.4736328125 0.0484375 0.123046875
0 0.64609375 0.5107421875 0.0234375 0.072265625
4 0.5953125 0.4599609375 0.03125 0.076171875
0 0.59609375 0.486328125 0.0234375 0.04296875
4 0.5734375 0.44921875 0.01875 0.0546875
4 0.54140625 0.4443359375 0.0203125 0.041015625