1 0.0359375 0.4794921875 0.06875 0.083984375
1 0.0765625 0.4892578125 0.09375 0.107421875
1 0.221875 0.4814453125 0.234375 0.150390625
1 0.40234375 0.4541015625 0.0484375 0.044921875
1 0.4640625 0.4541015625 0.05 0.041015625
1 0.4953125 0.48828125 0.025 0.0625
1 0.546875 0.4853515625 0.078125 0.068359375
1 0.803125 0.5 0.03125 0.0546875
1 0.8515625 0.4970703125 0.0875 0.060546875
1 0.8984375 0.49609375 0.05 0.0703125
1 0.95546875 0.494140625 0.0453125 0.0703125
1 0.9828125 0.4990234375 0.025 0.076171875
1 0.7546875 0.470703125 0.053125 0.02734375