1 0.8796875 0.556640625 0.234375 0.19921875
4 0.971875 0.44921875 0.03125 0.0625
4 0.90078125 0.427734375 0.0328125 0.05859375
1 0.73515625 0.51953125 0.1546875 0.12890625
1 0.53671875 0.4736328125 0.0546875 0.052734375
1 0.46484375 0.474609375 0.0296875 0.02734375
1 0.39765625 0.470703125 0.0265625 0.03125
1 0.3828125 0.4716796875 0.021875 0.029296875
1 0.35703125 0.474609375 0.0296875 0.03125
1 0.32109375 0.470703125 0.0421875 0.046875
1 0.29375 0.484375 0.04375 0.04296875
1 0.1078125 0.4921875 0.1625 0.140625