1 0.97109375 0.541015625 0.0546875 0.234375
4 0.9140625 0.56640625 0.15 0.5078125
1 0.7484375 0.5 0.209375 0.2265625
1 0.634375 0.490234375 0.065625 0.125
4 0.5703125 0.4921875 0.0375 0.15625
1 0.525 0.47265625 0.05 0.109375
1 0.49453125 0.484375 0.0234375 0.0625
1 0.36640625 0.4990234375 0.2578125 0.337890625
1 0.1984375 0.4921875 0.078125 0.1015625
1 0.15859375 0.494140625 0.0984375 0.1015625
1 0.09296875 0.50390625 0.1828125 0.140625
1 0.046875 0.5205078125 0.09375 0.162109375
2 0.61328125 0.5498046875 0.0265625 0.056640625
1 0.178125 0.4375 0.15 0.0546875