1 0.8359375 0.486328125 0.13125 0.15625
1 0.74375 0.474609375 0.046875 0.1171875
4 0.9640625 0.498046875 0.06875 0.23046875
4 0.7734375 0.4990234375 0.04375 0.150390625
4 0.69921875 0.4716796875 0.0546875 0.126953125
4 0.64296875 0.45703125 0.0453125 0.09375
0 0.96171875 0.5732421875 0.0734375 0.126953125
0 0.771875 0.548828125 0.0375 0.0859375
0 0.70390625 0.5126953125 0.0328125 0.076171875
0 0.63671875 0.4912109375 0.0265625 0.056640625
1 0.459375 0.42578125 0.025 0.03125
1 0.44296875 0.4296875 0.0234375 0.03515625
1 0.4234375 0.4375 0.040625 0.046875
4 0.61171875 0.458984375 0.0203125 0.05859375
4 0.59140625 0.4541015625 0.0203125 0.060546875