1 0.9484375 0.708984375 0.1 0.30859375
4 0.8484375 0.6025390625 0.06875 0.158203125
4 0.78359375 0.5654296875 0.0484375 0.212890625
1 0.753125 0.5439453125 0.271875 0.201171875
1 0.6359375 0.4990234375 0.14375 0.162109375
1 0.56171875 0.4873046875 0.0453125 0.123046875
1 0.496875 0.4697265625 0.05 0.068359375
1 0.4625 0.478515625 0.059375 0.0625
1 0.40234375 0.4775390625 0.0296875 0.029296875
1 0.2265625 0.451171875 0.040625 0.02734375
1 0.28515625 0.4951171875 0.1421875 0.138671875
1 0.140625 0.4990234375 0.1375 0.142578125