4 0.10234375 0.5751953125 0.0609375 0.208984375
1 0.04453125 0.5830078125 0.0828125 0.193359375
1 0.13515625 0.548828125 0.0546875 0.15234375
1 0.18671875 0.546875 0.0921875 0.1171875
4 0.30078125 0.51171875 0.0359375 0.1171875
0 0.3 0.5341796875 0.034375 0.087890625
1 0.25390625 0.5 0.0671875 0.10546875
1 0.34765625 0.46875 0.0515625 0.046875
1 0.6484375 0.466796875 0.078125 0.0546875
1 0.865625 0.5009765625 0.125 0.126953125
1 0.95703125 0.88671875 0.0828125 0.21484375
1 0.72578125 0.4892578125 0.0546875 0.064453125
1 0.97734375 0.4951171875 0.0421875 0.138671875
1 0.38203125 0.4560546875 0.0328125 0.037109375
1 0.4078125 0.4501953125 0.028125 0.029296875
1 0.62734375 0.447265625 0.0703125 0.04296875