1 0.27890625 0.5126953125 0.1171875 0.115234375
1 0.33046875 0.48828125 0.0828125 0.1015625
1 0.39140625 0.48046875 0.0703125 0.0859375
1 0.44609375 0.4755859375 0.0421875 0.037109375
1 0.93515625 0.5205078125 0.1265625 0.123046875
1 0.896875 0.513671875 0.115625 0.1015625
1 0.765625 0.4921875 0.075 0.0859375
4 0.69375 0.4853515625 0.01875 0.072265625
4 0.5015625 0.4619140625 0.01875 0.041015625
4 0.52265625 0.462890625 0.0203125 0.0390625
1 0.1109375 0.5283203125 0.21875 0.259765625
1 0.46875 0.4677734375 0.03125 0.037109375
1 0.80078125 0.505859375 0.0609375 0.0703125
1 0.98359375 0.5302734375 0.0296875 0.115234375
1 0.56484375 0.46875 0.0296875 0.03125
4 0.5859375 0.4638671875 0.015625 0.037109375