1 0.896875 0.63671875 0.2 0.29296875
1 0.92578125 0.5 0.1359375 0.1015625
1 0.746875 0.4833984375 0.05625 0.072265625
4 0.69140625 0.478515625 0.0234375 0.0703125
1 0.584375 0.4638671875 0.028125 0.033203125
1 0.50546875 0.46484375 0.0265625 0.04296875
1 0.47421875 0.466796875 0.0359375 0.046875
1 0.4390625 0.4716796875 0.059375 0.068359375
1 0.3890625 0.4775390625 0.065625 0.076171875
1 0.36171875 0.4921875 0.0703125 0.08984375
1 0.09609375 0.546875 0.1921875 0.1796875
1 0.02734375 0.595703125 0.0515625 0.15625
1 0.115625 0.4501953125 0.134375 0.056640625
1 0.2546875 0.4990234375 0.16875 0.169921875
1 0.7953125 0.48828125 0.0875 0.06640625
1 0.8203125 0.4931640625 0.075 0.068359375
1 0.84296875 0.4970703125 0.0859375 0.087890625
4 0.52734375 0.4609375 0.0140625 0.0390625
4 0.540625 0.4619140625 0.01875 0.037109375
4 0.6046875 0.4599609375 0.015625 0.029296875