4 0.48984375 0.4716796875 0.0328125 0.091796875
1 0.73671875 0.4638671875 0.0828125 0.072265625
1 0.840625 0.462890625 0.103125 0.07421875
1 0.64609375 0.4619140625 0.0546875 0.037109375
1 0.0859375 0.4609375 0.05625 0.0625
1 0.0484375 0.4619140625 0.021875 0.060546875
1 0.309375 0.4521484375 0.03125 0.033203125
1 0.37265625 0.4462890625 0.0296875 0.041015625
1 0.89140625 0.4912109375 0.1328125 0.076171875
1 0.19765625 0.4482421875 0.0296875 0.037109375
1 0.22109375 0.4482421875 0.0234375 0.029296875
1 0.12734375 0.4560546875 0.0359375 0.037109375