4 0.96171875 0.53125 0.0546875 0.1796875
4 0.87734375 0.5322265625 0.0359375 0.146484375
4 0.840625 0.5234375 0.034375 0.13671875
1 0.4109375 0.517578125 0.06875 0.08984375
1 0.48515625 0.5419921875 0.1234375 0.123046875
1 0.29921875 0.505859375 0.0859375 0.08984375
4 0.19140625 0.482421875 0.0171875 0.05859375
4 0.1515625 0.4951171875 0.021875 0.068359375
4 0.128125 0.49609375 0.021875 0.05859375
1 0.034375 0.525390625 0.06875 0.078125
4 0.99375 0.52734375 0.009375 0.16796875
4 0.1703125 0.4892578125 0.01875 0.060546875
1 0.35 0.48828125 0.03125 0.05078125
1 0.44140625 0.4609375 0.0703125 0.04296875
1 0.49765625 0.4638671875 0.0421875 0.041015625
1 0.3703125 0.47265625 0.03125 0.04296875
4 0.91953125 0.515625 0.0328125 0.13671875
4 0.74609375 0.498046875 0.0203125 0.0859375
4 0.7921875 0.4501953125 0.015625 0.041015625
4 0.6796875 0.4921875 0.021875 0.078125
4 0.65625 0.4892578125 0.025 0.072265625
4 0.83203125 0.4384765625 0.0140625 0.037109375
4 0.846875 0.435546875 0.0125 0.03515625
4 0.6140625 0.4853515625 0.01875 0.060546875
4 0.63046875 0.484375 0.0171875 0.0625
4 0.72109375 0.466796875 0.0171875 0.046875
4 0.703125 0.4609375 0.01875 0.04296875
4 0.596875 0.46875 0.01875 0.05078125
4 0.56796875 0.4521484375 0.0109375 0.037109375
4 0.5578125 0.4521484375 0.0125 0.037109375