1 0.971875 0.44140625 0.05 0.0703125
1 0.8546875 0.4560546875 0.053125 0.068359375
1 0.93046875 0.451171875 0.0546875 0.07421875
1 0.6859375 0.4677734375 0.19375 0.103515625
1 0.5109375 0.44921875 0.03125 0.03125
1 0.43984375 0.4267578125 0.0234375 0.029296875
1 0.41171875 0.4384765625 0.0203125 0.029296875
1 0.3875 0.451171875 0.0375 0.04296875
1 0.32421875 0.46484375 0.0734375 0.04296875
1 0.203125 0.482421875 0.096875 0.07421875
1 0.1296875 0.4560546875 0.040625 0.041015625
1 0.03359375 0.5693359375 0.0671875 0.142578125