1 0.809375 0.462890625 0.059375 0.07421875
1 0.9265625 0.4482421875 0.14375 0.138671875
1 0.95234375 0.486328125 0.0921875 0.12109375
4 0.66640625 0.466796875 0.0265625 0.10546875
4 0.64921875 0.46875 0.0234375 0.08203125
4 0.61640625 0.466796875 0.0203125 0.078125
4 0.60234375 0.4580078125 0.0203125 0.060546875
4 0.58359375 0.4619140625 0.0203125 0.052734375
4 0.55078125 0.4560546875 0.0203125 0.044921875
1 0.43515625 0.4609375 0.0359375 0.03125
4 0.37734375 0.4619140625 0.0109375 0.029296875
4 0.38046875 0.4609375 0.0109375 0.03125
4 0.36796875 0.4619140625 0.0109375 0.029296875
4 0.3625 0.4619140625 0.009375 0.029296875
4 0.16875 0.48046875 0.01875 0.046875
4 0.12734375 0.4873046875 0.0203125 0.033203125