4 0.57890625 0.45703125 0.0328125 0.1171875
1 0.03515625 0.4150390625 0.0453125 0.044921875
1 0.08359375 0.41015625 0.0421875 0.0390625
1 0.196875 0.4765625 0.109375 0.1015625
1 0.47734375 0.4267578125 0.1109375 0.060546875
1 0.5234375 0.4345703125 0.10625 0.060546875
1 0.65703125 0.435546875 0.0828125 0.046875
1 0.715625 0.4365234375 0.028125 0.044921875
1 0.7390625 0.44921875 0.034375 0.04296875
1 0.81875 0.44140625 0.078125 0.0625
1 0.24765625 0.400390625 0.0328125 0.03125
1 0.171875 0.3876953125 0.078125 0.041015625
4 0.26796875 0.4140625 0.0171875 0.0625