4 0.8625 0.46484375 0.03125 0.1171875
4 0.821875 0.470703125 0.03125 0.11328125
4 0.75546875 0.46484375 0.0234375 0.08203125
4 0.77109375 0.447265625 0.0109375 0.04296875
4 0.68125 0.4599609375 0.021875 0.056640625
4 0.6640625 0.45703125 0.015625 0.05078125
4 0.653125 0.4541015625 0.01875 0.056640625
4 0.63984375 0.4580078125 0.0109375 0.044921875
4 0.62578125 0.4677734375 0.0203125 0.060546875
4 0.60234375 0.4638671875 0.0203125 0.056640625
4 0.53671875 0.4609375 0.0171875 0.03515625
1 0.40859375 0.4697265625 0.0703125 0.076171875
1 0.36640625 0.4638671875 0.0234375 0.029296875
1 0.34296875 0.4716796875 0.0234375 0.037109375
1 0.3125 0.4755859375 0.05 0.056640625
4 0.1515625 0.4833984375 0.01875 0.048828125
4 0.1609375 0.484375 0.0125 0.046875