1 0.2984375 0.50390625 0.11875 0.09765625
1 0.4421875 0.4736328125 0.034375 0.029296875
1 0.3734375 0.47265625 0.04375 0.03125
4 0.6640625 0.4853515625 0.025 0.076171875
4 0.628125 0.513671875 0.0375 0.16796875
4 0.22578125 0.4716796875 0.0234375 0.064453125
4 0.19765625 0.4658203125 0.0265625 0.064453125
0 0.62734375 0.5693359375 0.0234375 0.087890625
1 0.5046875 0.4697265625 0.046875 0.025390625
1 0.1265625 0.4658203125 0.075 0.041015625
1 0.0390625 0.4638671875 0.053125 0.044921875
4 0.5953125 0.470703125 0.009375 0.04296875
4 0.5875 0.470703125 0.0125 0.046875