4 0.33828125 0.478515625 0.0328125 0.09765625
0 0.29921875 0.4775390625 0.0578125 0.056640625
1 0.3875 0.4921875 0.059375 0.0703125
1 0.48046875 0.4765625 0.1734375 0.109375
1 0.578125 0.4892578125 0.109375 0.091796875
1 0.6390625 0.4921875 0.171875 0.12109375
1 0.8390625 0.5009765625 0.203125 0.134765625
1 0.72421875 0.5 0.1671875 0.11328125
1 0.9625 0.49609375 0.071875 0.171875
4 0.7859375 0.4228515625 0.028125 0.037109375
4 0.83125 0.4248046875 0.01875 0.021484375
4 0.88203125 0.41796875 0.0234375 0.02734375
4 0.89921875 0.4150390625 0.0203125 0.033203125
4 0.41328125 0.44921875 0.0140625 0.015625
4 0.39609375 0.44921875 0.0109375 0.015625