1 0.73046875 0.48828125 0.0984375 0.0859375
1 0.6640625 0.490234375 0.0375 0.0625
1 0.51484375 0.474609375 0.0203125 0.02734375
1 0.565625 0.4951171875 0.10625 0.095703125
1 0.4890625 0.4736328125 0.015625 0.017578125
1 0.4609375 0.47265625 0.028125 0.0234375
1 0.4328125 0.4736328125 0.01875 0.025390625
1 0.41171875 0.46875 0.0203125 0.02734375
1 0.390625 0.474609375 0.025 0.0390625
1 0.36953125 0.4755859375 0.0265625 0.041015625
1 0.35390625 0.478515625 0.0234375 0.0390625
1 0.32734375 0.478515625 0.0421875 0.046875
1 0.28671875 0.48828125 0.0734375 0.05859375
1 0.09375 0.5107421875 0.1875 0.138671875