4 0.434375 0.53515625 0.115625 0.3203125
1 0.53125 0.5234375 0.103125 0.15625
1 0.71328125 0.5205078125 0.3015625 0.212890625
1 0.96484375 0.587890625 0.0609375 0.25390625
1 0.34765625 0.4736328125 0.1609375 0.173828125
1 0.49453125 0.4716796875 0.0796875 0.119140625
4 0.21796875 0.494140625 0.0296875 0.1171875
4 0.04765625 0.48046875 0.0296875 0.08203125
4 0.0953125 0.48046875 0.021875 0.07421875
1 0.25625 0.4794921875 0.05 0.064453125
1 0.13359375 0.4794921875 0.0671875 0.060546875
1 0.1875 0.4853515625 0.05 0.072265625
1 0.06953125 0.4736328125 0.0296875 0.037109375
1 0.028125 0.4814453125 0.028125 0.044921875