1 0.4140625 0.458984375 0.0875 0.1015625
1 0.65546875 0.4658203125 0.0703125 0.068359375
4 0.3140625 0.4658203125 0.0375 0.076171875
4 0.49375 0.46875 0.05 0.12109375
4 0.5703125 0.4677734375 0.046875 0.123046875
4 0.60390625 0.4697265625 0.0296875 0.091796875
4 0.628125 0.4775390625 0.021875 0.064453125
4 0.8109375 0.4931640625 0.0375 0.107421875
4 0.909375 0.48828125 0.078125 0.203125
4 0.95 0.466796875 0.05 0.08203125
4 0.8453125 0.4765625 0.0375 0.078125
1 0.728125 0.451171875 0.0375 0.046875