4 0.78046875 0.4638671875 0.0265625 0.072265625
4 0.71953125 0.4619140625 0.0265625 0.076171875
4 0.21875 0.4453125 0.034375 0.078125
4 0.134375 0.490234375 0.0625 0.13671875
4 0.190625 0.62109375 0.125 0.26171875
4 0.96328125 0.52734375 0.0703125 0.19921875
0 0.9421875 0.591796875 0.065625 0.08984375
0 0.1140625 0.5380859375 0.06875 0.083984375
1 0.54453125 0.4755859375 0.0296875 0.041015625
1 0.5421875 0.4609375 0.040625 0.05078125
1 0.5796875 0.4853515625 0.0625 0.064453125
1 0.26328125 0.466796875 0.0609375 0.0625
4 0.6859375 0.4599609375 0.01875 0.068359375
4 0.0421875 0.427734375 0.025 0.0390625
4 0.0640625 0.439453125 0.021875 0.02734375
4 0.07890625 0.4384765625 0.0203125 0.025390625
4 0.85 0.4404296875 0.03125 0.033203125
0 0.17578125 0.54296875 0.0546875 0.06640625
1 0.19140625 0.4677734375 0.0265625 0.037109375
4 0.17578125 0.451171875 0.0203125 0.0546875