1 0.9296875 0.509765625 0.04375 0.09765625
1 0.4203125 0.4892578125 0.0625 0.072265625
1 0.403125 0.4716796875 0.0625 0.068359375
1 0.18359375 0.462890625 0.0484375 0.0546875
1 0.15546875 0.4794921875 0.0671875 0.064453125
4 0.73828125 0.51171875 0.0515625 0.08203125
4 0.671875 0.5029296875 0.034375 0.095703125
2 0.6625 0.5283203125 0.034375 0.033203125
4 0.2765625 0.4443359375 0.01875 0.044921875
4 0.2578125 0.4541015625 0.01875 0.052734375
4 0.22421875 0.458984375 0.0234375 0.0546875
1 0.98125 0.5107421875 0.034375 0.099609375
1 0.08984375 0.455078125 0.0296875 0.05078125
1 0.05703125 0.4580078125 0.0546875 0.068359375