1 0.1015625 0.576171875 0.196875 0.24609375
1 0.23671875 0.544921875 0.0859375 0.13671875
1 0.3 0.51953125 0.053125 0.0859375
1 0.40234375 0.46875 0.0703125 0.05859375
1 0.44375 0.4580078125 0.04375 0.037109375
1 0.465625 0.44921875 0.040625 0.04296875
1 0.61640625 0.4716796875 0.0546875 0.060546875
1 0.934375 0.830078125 0.128125 0.265625
1 0.50078125 0.4462890625 0.0234375 0.029296875
1 0.51875 0.443359375 0.021875 0.02734375
1 0.5390625 0.44140625 0.025 0.0234375
1 0.77890625 0.447265625 0.0734375 0.0625
1 0.78828125 0.4599609375 0.0484375 0.064453125
1 0.89765625 0.451171875 0.1671875 0.0859375