1 0.46875 0.4775390625 0.059375 0.056640625
1 0.69140625 0.494140625 0.0578125 0.05859375
1 0.6765625 0.4833984375 0.046875 0.052734375
1 0.35390625 0.4375 0.0546875 0.03125
1 0.36171875 0.560546875 0.2046875 0.23828125
1 0.2234375 0.6796875 0.353125 0.3125
4 0.92734375 0.5234375 0.0265625 0.0703125
4 0.90546875 0.5146484375 0.0265625 0.083984375
2 0.88046875 0.5419921875 0.0265625 0.033203125
1 0.64765625 0.4775390625 0.0265625 0.033203125
1 0.63515625 0.474609375 0.0265625 0.03125
1 0.1796875 0.4833984375 0.178125 0.087890625