0 0.85703125 0.6533203125 0.0953125 0.212890625
0 0.58046875 0.54296875 0.0328125 0.125
0 0.421875 0.5673828125 0.028125 0.142578125
0 0.475 0.4853515625 0.015625 0.037109375
4 0.984375 0.482421875 0.028125 0.1796875
4 0.840625 0.515625 0.1 0.3125
4 0.58515625 0.47265625 0.0578125 0.2109375
4 0.5296875 0.462890625 0.01875 0.046875
4 0.47265625 0.453125 0.0265625 0.0390625
4 0.41953125 0.49609375 0.0640625 0.22265625
1 0.38828125 0.46484375 0.0203125 0.03515625
1 0.36875 0.474609375 0.021875 0.02734375
0 0.23046875 0.4892578125 0.0203125 0.044921875
0 0.2109375 0.486328125 0.021875 0.04296875