0 0.70859375 0.6015625 0.1359375 0.10546875
4 0.69453125 0.55859375 0.0796875 0.15625
4 0.25234375 0.44921875 0.0234375 0.04296875
1 0.5921875 0.484375 0.071875 0.0703125
1 0.56328125 0.4619140625 0.0453125 0.056640625
1 0.43828125 0.4384765625 0.0296875 0.029296875
4 0.06640625 0.470703125 0.0296875 0.0625
1 0.08046875 0.453125 0.0796875 0.04296875
4 0.31796875 0.453125 0.0234375 0.04296875
1 0.5203125 0.443359375 0.03125 0.02734375
1 0.54375 0.455078125 0.028125 0.03515625
0 0.20234375 0.4912109375 0.0265625 0.033203125