1 0.9 0.57421875 0.196875 0.3359375
1 0.86328125 0.490234375 0.2671875 0.29296875
1 0.703125 0.5205078125 0.059375 0.154296875
1 0.6828125 0.48828125 0.209375 0.15234375
4 0.56796875 0.4912109375 0.0421875 0.177734375
2 0.53984375 0.5361328125 0.0203125 0.052734375
4 0.5328125 0.466796875 0.028125 0.08984375
4 0.51171875 0.4921875 0.0234375 0.125
1 0.4890625 0.4794921875 0.028125 0.091796875
1 0.3828125 0.49609375 0.19375 0.2421875
1 0.22890625 0.4599609375 0.1453125 0.087890625
1 0.04140625 0.5859375 0.0828125 0.25390625
1 0.2453125 0.4873046875 0.065625 0.076171875
1 0.225 0.4892578125 0.05625 0.068359375
1 0.1734375 0.4912109375 0.1375 0.107421875
1 0.1484375 0.4990234375 0.078125 0.107421875
1 0.11796875 0.51171875 0.1109375 0.14453125