4 0.5625 0.5537109375 0.05 0.169921875
4 0.97578125 0.4921875 0.0265625 0.0859375
4 0.95859375 0.478515625 0.0265625 0.09375
0 0.9546875 0.5400390625 0.078125 0.087890625
0 0.90859375 0.537109375 0.0578125 0.08203125
0 0.3265625 0.5185546875 0.028125 0.083984375
4 0.33203125 0.474609375 0.0296875 0.0859375
4 0.2953125 0.462890625 0.025 0.05859375
4 0.228125 0.4443359375 0.03125 0.037109375
1 0.2046875 0.494140625 0.115625 0.0703125
1 0.10390625 0.482421875 0.0984375 0.06640625
1 0.03359375 0.470703125 0.0671875 0.0625
0 0.25234375 0.5205078125 0.0203125 0.041015625
0 0.27578125 0.537109375 0.0203125 0.0390625
0 0.2921875 0.54296875 0.021875 0.046875