1 0.95625 0.4990234375 0.0625 0.080078125
1 0.909375 0.486328125 0.05 0.07421875
1 0.86640625 0.490234375 0.0453125 0.05078125
1 0.81640625 0.482421875 0.0265625 0.04296875
1 0.79453125 0.4814453125 0.0296875 0.044921875
1 0.7703125 0.482421875 0.025 0.05078125
1 0.74765625 0.478515625 0.0265625 0.046875
1 0.7265625 0.4755859375 0.04375 0.052734375
1 0.60078125 0.4814453125 0.1359375 0.138671875
1 0.39921875 0.4638671875 0.0296875 0.033203125
1 0.31015625 0.4658203125 0.0453125 0.037109375
1 0.68671875 0.474609375 0.0390625 0.04296875