1 0.92890625 0.537109375 0.1390625 0.2890625
1 0.834375 0.53515625 0.13125 0.17578125
1 0.803125 0.4970703125 0.203125 0.193359375
4 0.6796875 0.513671875 0.03125 0.171875
1 0.64296875 0.517578125 0.0515625 0.12109375
1 0.58203125 0.4990234375 0.0828125 0.072265625
1 0.6359375 0.44921875 0.0625 0.03515625
1 0.478125 0.490234375 0.109375 0.1640625
4 0.40234375 0.4677734375 0.0484375 0.134765625
0 0.4078125 0.58984375 0.040625 0.109375
4 0.36015625 0.484375 0.0296875 0.09765625
1 0.11953125 0.4970703125 0.2390625 0.224609375
1 0.14609375 0.4384765625 0.1046875 0.033203125
1 0.0203125 0.544921875 0.040625 0.19921875
1 0.2359375 0.513671875 0.034375 0.06640625
1 0.25078125 0.4912109375 0.1140625 0.119140625
1 0.309375 0.4873046875 0.05625 0.083984375