0 0.740625 0.6494140625 0.078125 0.205078125
0 0.54609375 0.546875 0.0359375 0.1171875
0 0.4546875 0.5546875 0.01875 0.11328125
0 0.3875 0.6005859375 0.01875 0.162109375
1 0.271875 0.484375 0.05625 0.05859375
1 0.33359375 0.4765625 0.0328125 0.03515625
0 0.1078125 0.51171875 0.034375 0.0703125
0 0.02109375 0.5224609375 0.0421875 0.083984375
0 0.63203125 0.5029296875 0.0390625 0.087890625
0 0.9890625 0.6142578125 0.01875 0.150390625
0 0.59375 0.505859375 0.021875 0.0546875
4 0.73046875 0.49609375 0.0859375 0.3046875
4 0.54921875 0.484375 0.0546875 0.203125
4 0.45546875 0.49609375 0.0484375 0.18359375
4 0.38515625 0.5078125 0.0640625 0.2421875