1 0.05703125 0.423828125 0.0859375 0.0859375
1 0.19609375 0.4345703125 0.0671875 0.060546875
1 0.35 0.4375 0.059375 0.06640625
4 0.3890625 0.4306640625 0.025 0.087890625
4 0.59921875 0.4501953125 0.0359375 0.103515625
4 0.571875 0.44921875 0.025 0.09375
1 0.646875 0.4482421875 0.084375 0.099609375
1 0.428125 0.4228515625 0.03125 0.041015625
1 0.41015625 0.43359375 0.0234375 0.05078125
1 0.26015625 0.4521484375 0.1171875 0.107421875
1 0.1171875 0.42578125 0.05625 0.06640625
1 0.103125 0.40234375 0.10625 0.078125
1 0.45078125 0.427734375 0.0203125 0.03515625
1 0.45859375 0.419921875 0.0296875 0.0390625