4 0.49375 0.48828125 0.034375 0.12109375
4 0.44375 0.48828125 0.034375 0.1328125
4 0.39921875 0.4814453125 0.0453125 0.134765625
4 0.33046875 0.4541015625 0.0265625 0.037109375
1 0.93046875 0.509765625 0.1359375 0.27734375
1 0.81796875 0.513671875 0.1703125 0.17578125
1 0.74765625 0.494140625 0.2171875 0.17578125
1 0.5921875 0.4931640625 0.153125 0.099609375
1 0.57734375 0.4501953125 0.1265625 0.056640625
1 0.2625 0.46484375 0.065625 0.05078125
1 0.08984375 0.4208984375 0.0671875 0.052734375
1 0.07890625 0.4775390625 0.1546875 0.103515625
1 0.02265625 0.5361328125 0.0453125 0.087890625
1 0.03203125 0.5009765625 0.0578125 0.087890625