1 0.784375 0.48046875 0.090625 0.06640625
4 0.7296875 0.4609375 0.01875 0.0390625
4 0.703125 0.4599609375 0.0125 0.037109375
4 0.68984375 0.458984375 0.0203125 0.0390625
1 0.6546875 0.4619140625 0.03125 0.033203125
1 0.60703125 0.470703125 0.0609375 0.0703125
1 0.49453125 0.474609375 0.1328125 0.140625
4 0.4125 0.4580078125 0.01875 0.041015625
4 0.22109375 0.478515625 0.0203125 0.05859375
4 0.1765625 0.46875 0.021875 0.046875
4 0.15625 0.466796875 0.01875 0.046875
4 0.12890625 0.4599609375 0.0203125 0.044921875
4 0.0453125 0.4990234375 0.021875 0.056640625
4 0.08203125 0.478515625 0.0203125 0.05078125
4 0.0609375 0.4580078125 0.01875 0.033203125
4 0.040625 0.4501953125 0.021875 0.029296875
4 0.025 0.45703125 0.025 0.03125
4 0.025 0.5029296875 0.01875 0.048828125