1 0.0453125 0.6259765625 0.0875 0.193359375
1 0.1265625 0.5693359375 0.165625 0.181640625
1 0.2390625 0.515625 0.065625 0.0859375
4 0.284375 0.51953125 0.040625 0.140625
1 0.30546875 0.501953125 0.0453125 0.0625
1 0.340625 0.48828125 0.05 0.0546875
1 0.584375 0.4912109375 0.05625 0.064453125
0 0.61875 0.5078125 0.084375 0.0625
1 0.81328125 0.49609375 0.0671875 0.07421875
1 0.940625 0.498046875 0.05 0.0625
1 0.96484375 0.4716796875 0.0671875 0.068359375
1 0.66171875 0.462890625 0.0453125 0.05078125
1 0.3765625 0.462890625 0.046875 0.046875
1 0.40390625 0.4580078125 0.0265625 0.029296875
0 0.97421875 0.60546875 0.0453125 0.07421875