4 0.284375 0.4677734375 0.03125 0.076171875
4 0.24140625 0.466796875 0.0546875 0.12109375
4 0.1796875 0.50390625 0.109375 0.296875
0 0.1078125 0.6142578125 0.071875 0.123046875
0 0.203125 0.6005859375 0.090625 0.181640625
0 0.25859375 0.5595703125 0.0578125 0.095703125
0 0.28828125 0.5205078125 0.0296875 0.052734375
1 0.54765625 0.4794921875 0.0828125 0.083984375
1 0.04296875 0.50390625 0.0859375 0.125
1 0.378125 0.474609375 0.0375 0.03515625
1 0.50625 0.4814453125 0.025 0.044921875
1 0.49609375 0.4775390625 0.0265625 0.041015625