4 0.4390625 0.478515625 0.0375 0.140625
4 0.2234375 0.46484375 0.034375 0.0859375
4 0.61171875 0.515625 0.0703125 0.25
0 0.22578125 0.4951171875 0.0203125 0.068359375
1 0.0765625 0.4921875 0.153125 0.13671875
1 0.3984375 0.47265625 0.05 0.06640625
1 0.5203125 0.482421875 0.1375 0.10546875
1 0.54296875 0.513671875 0.0703125 0.08203125
1 0.6921875 0.4580078125 0.13125 0.072265625
1 0.69765625 0.513671875 0.1296875 0.1328125
1 0.74765625 0.5224609375 0.1421875 0.169921875
1 0.8890625 0.517578125 0.215625 0.24609375
1 0.95625 0.5556640625 0.08125 0.263671875
0 0.2421875 0.4951171875 0.01875 0.052734375
4 0.2453125 0.4560546875 0.025 0.064453125
1 0.3625 0.4716796875 0.05 0.056640625
1 0.14765625 0.4775390625 0.0453125 0.060546875