1 0.940625 0.568359375 0.115625 0.2265625
1 0.89453125 0.5048828125 0.2078125 0.240234375
4 0.79140625 0.541015625 0.0546875 0.234375
1 0.7109375 0.515625 0.134375 0.15234375
1 0.6859375 0.4873046875 0.13125 0.107421875
1 0.58828125 0.490234375 0.0828125 0.0625
1 0.45859375 0.486328125 0.1171875 0.1484375
4 0.3328125 0.48828125 0.046875 0.15625
0 0.33046875 0.572265625 0.0484375 0.09765625
1 0.29140625 0.484375 0.0359375 0.078125
1 0.2 0.4931640625 0.146875 0.138671875
1 0.078125 0.5009765625 0.153125 0.201171875
1 0.06796875 0.5576171875 0.1359375 0.208984375
1 0.1640625 0.5126953125 0.075 0.150390625