4 0.3890625 0.4892578125 0.040625 0.115234375
4 0.171875 0.48828125 0.01875 0.0546875
1 0.8109375 0.46484375 0.05625 0.078125
1 0.90703125 0.4443359375 0.1109375 0.119140625
1 0.934375 0.474609375 0.128125 0.1015625
1 0.95234375 0.4921875 0.0921875 0.109375
1 0.6453125 0.4501953125 0.025 0.033203125
1 0.72890625 0.4580078125 0.0421875 0.056640625
4 0.68515625 0.423828125 0.0203125 0.0234375
4 0.42109375 0.4580078125 0.0109375 0.025390625
4 0.43046875 0.4609375 0.0109375 0.02734375
4 0.12890625 0.48828125 0.0203125 0.03515625
0 0.38515625 0.5234375 0.0203125 0.0546875