1 0.10625 0.5078125 0.178125 0.10546875
1 0.6484375 0.484375 0.103125 0.0703125
1 0.73359375 0.4794921875 0.0859375 0.060546875
1 0.834375 0.47265625 0.1 0.0625
1 0.90625 0.4677734375 0.0625 0.044921875
4 0.44453125 0.486328125 0.0265625 0.09375
4 0.54921875 0.4755859375 0.0296875 0.099609375
4 0.58515625 0.47265625 0.0265625 0.0859375
4 0.9421875 0.4609375 0.01875 0.046875
4 0.7703125 0.455078125 0.021875 0.03515625
4 0.67734375 0.4501953125 0.0203125 0.029296875
4 0.75859375 0.4501953125 0.0203125 0.029296875
4 0.9703125 0.48046875 0.021875 0.07421875
4 0.9859375 0.4814453125 0.015625 0.087890625