1 0.64453125 0.4814453125 0.0921875 0.095703125
1 0.7890625 0.5078125 0.084375 0.1640625
1 0.91875 0.51171875 0.125 0.19140625
1 0.3234375 0.470703125 0.0375 0.0703125
1 0.29765625 0.4765625 0.0453125 0.078125
1 0.24765625 0.4853515625 0.1046875 0.091796875
1 0.04296875 0.548828125 0.0859375 0.2421875
4 0.85390625 0.53125 0.0703125 0.1953125
4 0.71953125 0.5 0.0546875 0.171875
0 0.8703125 0.5986328125 0.03125 0.099609375
0 0.8375 0.6025390625 0.028125 0.064453125
0 0.7234375 0.564453125 0.021875 0.08203125