4 0.48125 0.474609375 0.021875 0.06640625
4 0.41171875 0.474609375 0.0171875 0.07421875
1 0.5234375 0.46484375 0.065625 0.06640625
1 0.3890625 0.46484375 0.034375 0.03515625
0 0.6484375 0.51171875 0.04375 0.078125
0 0.084375 0.5078125 0.0375 0.0546875
0 0.68125 0.51171875 0.0375 0.0625
0 0.1125 0.501953125 0.01875 0.046875
0 0.82578125 0.4912109375 0.0453125 0.044921875
4 0.77734375 0.5078125 0.0296875 0.1015625
0 0.75 0.5009765625 0.021875 0.052734375
0 0.1984375 0.49609375 0.0125 0.04296875
0 0.18203125 0.4921875 0.0140625 0.04296875
0 0.17109375 0.498046875 0.0109375 0.04296875
0 0.15859375 0.4970703125 0.0171875 0.037109375
4 0.34453125 0.462890625 0.0109375 0.0390625