4 0.709375 0.455078125 0.01875 0.0390625
4 0.61328125 0.505859375 0.0359375 0.1328125
1 0.5859375 0.455078125 0.021875 0.046875
1 0.5671875 0.4384765625 0.025 0.041015625
1 0.56015625 0.4296875 0.0359375 0.046875
1 0.53671875 0.431640625 0.0203125 0.03515625
1 0.5203125 0.435546875 0.021875 0.02734375
1 0.471875 0.44140625 0.01875 0.015625
1 0.44140625 0.4423828125 0.0171875 0.017578125
1 0.40859375 0.43359375 0.0359375 0.0390625
4 0.37421875 0.451171875 0.0234375 0.08984375
1 0.325 0.466796875 0.08125 0.09765625
4 0.56328125 0.5166015625 0.0203125 0.037109375