1 0.40625 0.4736328125 0.059375 0.056640625
1 0.21484375 0.484375 0.0703125 0.0625
1 0.253125 0.4794921875 0.034375 0.052734375
1 0.271875 0.47265625 0.046875 0.05859375
1 0.29921875 0.4677734375 0.0359375 0.052734375
1 0.53828125 0.4794921875 0.0640625 0.056640625
1 0.50546875 0.4736328125 0.0234375 0.052734375
1 0.49140625 0.466796875 0.0234375 0.05078125
1 0.4765625 0.470703125 0.021875 0.03515625
1 0.4609375 0.466796875 0.01875 0.02734375
1 0.4421875 0.4599609375 0.015625 0.025390625
1 0.3265625 0.4697265625 0.01875 0.044921875
1 0.34140625 0.4677734375 0.0203125 0.037109375
1 0.3578125 0.46875 0.015625 0.02734375
1 0.3703125 0.466796875 0.015625 0.0234375
0 0.696875 0.5234375 0.034375 0.03125