4 0.98359375 0.4990234375 0.0265625 0.162109375
4 0.95703125 0.4951171875 0.0265625 0.166015625
4 0.92890625 0.5 0.0421875 0.17578125
4 0.8875 0.4853515625 0.03125 0.126953125
4 0.8640625 0.4892578125 0.025 0.123046875
4 0.83984375 0.4892578125 0.0265625 0.119140625
4 0.80859375 0.48828125 0.0390625 0.11328125
4 0.76875 0.494140625 0.025 0.09765625
4 0.7484375 0.4912109375 0.01875 0.083984375
4 0.734375 0.490234375 0.01875 0.07421875
4 0.71640625 0.494140625 0.0234375 0.07421875
4 0.65546875 0.5078125 0.0203125 0.0390625
4 0.60859375 0.50390625 0.0390625 0.10546875
1 0.4734375 0.537109375 0.04375 0.03125
4 0.1484375 0.521484375 0.021875 0.07421875
4 0.128125 0.5205078125 0.021875 0.068359375
4 0.015625 0.5185546875 0.025 0.091796875