1 0.09765625 0.466796875 0.1109375 0.05078125
1 0.796875 0.6103515625 0.278125 0.255859375
1 0.896875 0.75390625 0.203125 0.484375
1 0.48046875 0.4658203125 0.0484375 0.041015625
4 0.5546875 0.494140625 0.040625 0.125
4 0.621875 0.517578125 0.06875 0.1875
4 0.19765625 0.498046875 0.0359375 0.1328125
4 0.16484375 0.4951171875 0.0328125 0.126953125
1 0.32890625 0.45703125 0.0828125 0.05859375
1 0.25546875 0.4345703125 0.0765625 0.044921875
1 0.5046875 0.46484375 0.01875 0.03125
1 0.51875 0.466796875 0.025 0.02734375