1 0.9 0.515625 0.196875 0.33203125
2 0.9015625 0.689453125 0.10625 0.15234375
4 0.7453125 0.5576171875 0.115625 0.365234375
4 0.684375 0.51953125 0.059375 0.265625
1 0.621875 0.509765625 0.0875 0.1328125
1 0.56484375 0.5009765625 0.0265625 0.056640625
1 0.5453125 0.48828125 0.046875 0.0703125
1 0.50234375 0.484375 0.0453125 0.0625
1 0.4734375 0.474609375 0.021875 0.03515625
1 0.4625 0.4560546875 0.021875 0.025390625
1 0.4 0.4833984375 0.11875 0.154296875
1 0.33359375 0.4599609375 0.0203125 0.037109375
1 0.3140625 0.4619140625 0.028125 0.037109375
1 0.29375 0.4716796875 0.04375 0.068359375
1 0.21796875 0.4853515625 0.0703125 0.091796875
1 0.1828125 0.4912109375 0.05625 0.115234375
1 0.09140625 0.4853515625 0.1828125 0.333984375
1 0.23046875 0.4716796875 0.0921875 0.087890625