4 0.415625 0.4677734375 0.021875 0.052734375
4 0.4015625 0.462890625 0.021875 0.0703125
4 0.46953125 0.4609375 0.0203125 0.0546875
4 0.58125 0.4736328125 0.025 0.083984375
4 0.7265625 0.474609375 0.028125 0.06640625
1 0.89453125 0.7421875 0.2015625 0.4609375
1 0.82734375 0.5634765625 0.2703125 0.263671875
1 0.67109375 0.515625 0.1015625 0.08984375
1 0.6375 0.490234375 0.075 0.08984375
1 0.25703125 0.50390625 0.1296875 0.11328125
1 0.04375 0.4912109375 0.084375 0.123046875
4 0.753125 0.462890625 0.025 0.05078125
1 0.528125 0.4541015625 0.025 0.025390625
1 0.15859375 0.474609375 0.0328125 0.0625
4 0.3890625 0.4697265625 0.01875 0.064453125
0 0.47421875 0.478515625 0.0140625 0.03515625
1 0.20625 0.46875 0.025 0.0625