4 0.790625 0.5205078125 0.0375 0.123046875
4 0.74375 0.5185546875 0.046875 0.119140625
1 0.8859375 0.80859375 0.21875 0.375
1 0.65546875 0.5361328125 0.1421875 0.126953125
1 0.5890625 0.4892578125 0.096875 0.103515625
1 0.5328125 0.4658203125 0.046875 0.041015625
1 0.38828125 0.455078125 0.0421875 0.03515625
1 0.33125 0.484375 0.053125 0.05078125
1 0.29609375 0.50390625 0.0484375 0.0703125
1 0.26015625 0.521484375 0.0765625 0.09765625
1 0.16484375 0.54296875 0.1546875 0.15234375
1 0.0375 0.62890625 0.075 0.203125
1 0.69296875 0.4619140625 0.0671875 0.044921875
1 0.3546875 0.4736328125 0.034375 0.037109375
1 0.5171875 0.45703125 0.0375 0.03515625
1 0.42890625 0.439453125 0.0203125 0.0234375