1 0.08203125 0.5966796875 0.1578125 0.169921875
1 0.29375 0.490234375 0.09375 0.09375
1 0.3515625 0.4755859375 0.046875 0.052734375
1 0.384375 0.466796875 0.040625 0.03515625
1 0.7671875 0.462890625 0.13125 0.0625
1 0.55625 0.4599609375 0.034375 0.044921875
4 0.53203125 0.4599609375 0.0234375 0.060546875
4 0.64140625 0.4619140625 0.0296875 0.068359375
0 0.5328125 0.4892578125 0.01875 0.033203125
1 0.92421875 0.4638671875 0.1484375 0.169921875
4 0.6671875 0.462890625 0.025 0.0625
1 0.4875 0.4375 0.021875 0.0234375
1 0.40078125 0.4521484375 0.0328125 0.033203125