1 0.04140625 0.6533203125 0.0828125 0.197265625
1 0.13515625 0.5859375 0.1953125 0.16015625
1 0.27734375 0.529296875 0.1203125 0.109375
1 0.346875 0.5009765625 0.059375 0.083984375
4 0.38125 0.49609375 0.025 0.0703125
4 0.47265625 0.48046875 0.0203125 0.0625
1 0.53671875 0.4765625 0.0703125 0.08203125
1 0.60390625 0.490234375 0.0484375 0.07421875
1 0.64609375 0.5 0.0828125 0.1015625
1 0.696875 0.541015625 0.10625 0.11328125
1 0.75625 0.572265625 0.15625 0.14453125
1 0.87734375 0.716796875 0.2359375 0.31640625
1 0.9328125 0.4677734375 0.125 0.060546875
1 0.82578125 0.4658203125 0.0546875 0.052734375
1 0.73125 0.470703125 0.059375 0.04296875
1 0.76171875 0.45703125 0.0265625 0.046875
1 0.7390625 0.44140625 0.046875 0.0234375
1 0.50234375 0.4541015625 0.0265625 0.029296875
1 0.40078125 0.4814453125 0.0421875 0.052734375
1 0.41875 0.4677734375 0.040625 0.044921875
1 0.4578125 0.458984375 0.028125 0.03125
1 0.96796875 0.8671875 0.0609375 0.26171875