4 0.4 0.47265625 0.021875 0.07421875
1 0.25546875 0.5185546875 0.0984375 0.095703125
1 0.30546875 0.49609375 0.0546875 0.06640625
1 0.37421875 0.46875 0.0359375 0.0546875
1 0.44765625 0.46484375 0.0484375 0.05078125
4 0.759375 0.4873046875 0.025 0.103515625
2 0.78984375 0.5341796875 0.0265625 0.029296875
1 0.86796875 0.72265625 0.2609375 0.33984375
1 0.978125 0.5029296875 0.040625 0.107421875
1 0.465625 0.439453125 0.025 0.02734375
1 0.48984375 0.439453125 0.0234375 0.03125
4 0.50234375 0.44921875 0.0203125 0.046875
1 0.5328125 0.46484375 0.028125 0.05859375
1 0.540625 0.4716796875 0.021875 0.052734375
1 0.55703125 0.47265625 0.0359375 0.0546875
1 0.565625 0.4794921875 0.03125 0.068359375
1 0.609375 0.4931640625 0.10625 0.103515625
1 0.33125 0.4853515625 0.046875 0.056640625