4 0.53046875 0.466796875 0.0203125 0.06640625
4 0.5140625 0.466796875 0.01875 0.05859375
4 0.38125 0.470703125 0.025 0.078125
0 0.38203125 0.4931640625 0.0203125 0.056640625
4 0.18203125 0.4560546875 0.0234375 0.095703125
4 0.153125 0.462890625 0.025 0.10546875
4 0.109375 0.4619140625 0.034375 0.115234375
4 0.03671875 0.40625 0.0296875 0.0546875
4 0.0171875 0.4716796875 0.034375 0.138671875
1 0.6828125 0.5205078125 0.109375 0.130859375
1 0.8359375 0.5791015625 0.296875 0.271484375
0 0.2625 0.474609375 0.03125 0.0703125
0 0.31875 0.48046875 0.040625 0.0546875
1 0.49375 0.4609375 0.03125 0.03515625
0 0.19453125 0.5078125 0.0421875 0.0546875
4 0.70546875 0.447265625 0.0203125 0.02734375
4 0.603125 0.451171875 0.01875 0.03515625