1 0.8109375 0.5498046875 0.3125 0.224609375
1 0.56640625 0.4912109375 0.0953125 0.083984375
1 0.51796875 0.4814453125 0.0328125 0.056640625
1 0.4953125 0.4716796875 0.021875 0.044921875
1 0.4796875 0.4755859375 0.01875 0.037109375
1 0.446875 0.466796875 0.015625 0.015625
1 0.4171875 0.4755859375 0.01875 0.029296875
1 0.403125 0.48046875 0.01875 0.0390625
1 0.37421875 0.4833984375 0.0328125 0.044921875
1 0.33125 0.4931640625 0.05 0.052734375
1 0.25546875 0.5009765625 0.1265625 0.115234375
1 0.14375 0.5087890625 0.103125 0.087890625