0 0.446875 0.5380859375 0.1375 0.068359375
1 0.55078125 0.4658203125 0.0796875 0.087890625
1 0.5 0.4609375 0.034375 0.0546875
1 0.2078125 0.484375 0.071875 0.06640625
1 0.253125 0.478515625 0.040625 0.05078125
1 0.27578125 0.47265625 0.0390625 0.0546875
1 0.34765625 0.4697265625 0.0484375 0.041015625
1 0.121875 0.4609375 0.028125 0.04296875
1 0.16640625 0.4638671875 0.0234375 0.037109375
1 0.31640625 0.4716796875 0.0234375 0.037109375
1 0.09765625 0.4599609375 0.0203125 0.037109375
1 0.08046875 0.4599609375 0.0203125 0.044921875
1 0.06171875 0.46484375 0.0265625 0.05078125
1 0.0234375 0.4619140625 0.046875 0.044921875
1 0.378125 0.4609375 0.015625 0.0234375
1 0.3890625 0.458984375 0.0125 0.01953125
4 0.4421875 0.4794921875 0.05625 0.138671875