1 0.85546875 0.56640625 0.2859375 0.3671875
4 0.7140625 0.5107421875 0.028125 0.130859375
4 0.678125 0.521484375 0.025 0.03515625
1 0.60234375 0.4541015625 0.0546875 0.052734375
1 0.565625 0.443359375 0.028125 0.0390625
1 0.55859375 0.4287109375 0.0328125 0.052734375
1 0.5359375 0.431640625 0.021875 0.03515625
1 0.5140625 0.431640625 0.01875 0.02734375
1 0.471875 0.439453125 0.015625 0.015625
1 0.44296875 0.4375 0.0171875 0.015625
1 0.428125 0.43359375 0.01875 0.03125
1 0.40625 0.43359375 0.034375 0.0390625
4 0.375 0.4501953125 0.025 0.087890625
1 0.3234375 0.46484375 0.08125 0.09375