0 0.778125 0.6298828125 0.065625 0.208984375
0 0.5953125 0.5478515625 0.03125 0.119140625
0 0.49453125 0.5576171875 0.0484375 0.123046875
4 0.89296875 0.4814453125 0.0421875 0.142578125
4 0.9359375 0.4375 0.028125 0.03125
1 0.415625 0.4560546875 0.021875 0.021484375
1 0.44921875 0.458984375 0.0203125 0.02734375
4 0.86875 0.4453125 0.021875 0.0390625
4 0.9125 0.439453125 0.0125 0.02734375
4 0.77734375 0.4814453125 0.1171875 0.322265625
4 0.59296875 0.4853515625 0.0640625 0.201171875
4 0.49296875 0.4921875 0.0546875 0.19140625
4 0.46640625 0.46484375 0.0171875 0.06640625
1 0.39375 0.4580078125 0.021875 0.025390625
1 0.37421875 0.4658203125 0.0234375 0.025390625