4 0.70859375 0.4658203125 0.0203125 0.052734375
1 0.60078125 0.455078125 0.0578125 0.046875
1 0.565625 0.4423828125 0.028125 0.041015625
1 0.55625 0.4296875 0.034375 0.046875
1 0.534375 0.431640625 0.021875 0.03515625
1 0.515625 0.4326171875 0.021875 0.029296875
1 0.4703125 0.44140625 0.0125 0.015625
1 0.41015625 0.43359375 0.0359375 0.03515625
4 0.42734375 0.505859375 0.0546875 0.140625
4 0.3765625 0.447265625 0.021875 0.0859375
1 0.32421875 0.462890625 0.0796875 0.08984375
1 0.0390625 0.546875 0.078125 0.15625
4 0.37421875 0.51171875 0.0140625 0.02734375