4 0.775 0.44921875 0.0125 0.01953125
4 0.74375 0.4453125 0.0125 0.0234375
4 0.70390625 0.4609375 0.0109375 0.0234375
4 0.68828125 0.4658203125 0.0109375 0.025390625
4 0.6734375 0.4716796875 0.009375 0.021484375
4 0.61484375 0.4775390625 0.0140625 0.044921875
4 0.60234375 0.482421875 0.0109375 0.03515625
4 0.59296875 0.4794921875 0.0109375 0.025390625
1 0.73515625 0.494140625 0.1890625 0.078125
1 0.496875 0.4814453125 0.053125 0.056640625
1 0.4375 0.48828125 0.021875 0.02734375
1 0.36796875 0.490234375 0.0359375 0.03515625
1 0.22265625 0.498046875 0.0796875 0.05859375
1 0.9859375 0.50390625 0.025 0.0546875