1 0.83046875 0.474609375 0.0234375 0.0625
1 0.8078125 0.46484375 0.05625 0.0703125
1 0.92421875 0.44921875 0.1484375 0.14453125
1 0.9515625 0.4873046875 0.0875 0.119140625
4 0.6328125 0.4619140625 0.028125 0.091796875
4 0.38984375 0.4697265625 0.0203125 0.076171875
4 0.36875 0.4765625 0.028125 0.07421875
4 0.128125 0.4873046875 0.01875 0.033203125
4 0.6765625 0.4287109375 0.01875 0.029296875
1 0.728125 0.4501953125 0.0375 0.041015625
4 0.475 0.4580078125 0.021875 0.044921875
4 0.615625 0.474609375 0.01875 0.05078125
4 0.6015625 0.4638671875 0.025 0.072265625
4 0.16796875 0.48046875 0.0203125 0.0390625