1 0.0296875 0.5478515625 0.059375 0.091796875
1 0.05546875 0.505859375 0.1109375 0.12109375
1 0.134375 0.515625 0.090625 0.1015625
1 0.15703125 0.50390625 0.0828125 0.08203125
1 0.196875 0.49609375 0.075 0.0703125
4 0.31171875 0.5068359375 0.0265625 0.087890625
4 0.28828125 0.5029296875 0.0234375 0.091796875
1 0.61875 0.50390625 0.071875 0.06640625
1 0.77421875 0.5029296875 0.0796875 0.076171875
1 0.8328125 0.515625 0.2 0.1171875
1 0.884375 0.52734375 0.19375 0.1328125
1 0.48203125 0.484375 0.0265625 0.03515625
1 0.60546875 0.49609375 0.0796875 0.0703125