1 0.9265625 0.513671875 0.14375 0.2421875
1 0.86171875 0.4794921875 0.2359375 0.212890625
2 0.81484375 0.5947265625 0.0546875 0.087890625
4 0.7109375 0.5126953125 0.078125 0.263671875
1 0.65546875 0.48046875 0.0796875 0.19140625
4 0.5921875 0.4873046875 0.040625 0.205078125
1 0.546875 0.4833984375 0.0625 0.099609375
1 0.5046875 0.474609375 0.028125 0.06640625
1 0.48046875 0.470703125 0.0234375 0.05859375
1 0.38359375 0.48828125 0.1859375 0.23828125
1 0.284375 0.46875 0.028125 0.05859375
1 0.26640625 0.4775390625 0.0296875 0.068359375
1 0.13046875 0.4765625 0.2609375 0.19921875
1 0.0828125 0.5166015625 0.165625 0.177734375
1 0.03125 0.5654296875 0.0625 0.173828125