1 0.878125 0.5283203125 0.240625 0.298828125
1 0.703125 0.5048828125 0.11875 0.119140625
1 0.6171875 0.453125 0.06875 0.07421875
1 0.55546875 0.375 0.0234375 0.0234375
1 0.48359375 0.365234375 0.0203125 0.0234375
1 0.46796875 0.375 0.0203125 0.02734375
4 0.5265625 0.39453125 0.025 0.04296875
1 0.52265625 0.455078125 0.0640625 0.0625
1 0.41796875 0.4248046875 0.0484375 0.056640625
1 0.37890625 0.4560546875 0.0578125 0.068359375
1 0.3046875 0.494140625 0.121875 0.1015625
1 0.09453125 0.5078125 0.1890625 0.3046875