1 0.71875 0.517578125 0.15625 0.12890625
1 0.56171875 0.484375 0.0953125 0.08984375
1 0.44609375 0.4990234375 0.0265625 0.025390625
1 0.415625 0.5 0.021875 0.0234375
1 0.4046875 0.498046875 0.021875 0.02734375
1 0.38125 0.4921875 0.028125 0.03515625
1 0.3640625 0.4892578125 0.01875 0.037109375
1 0.3265625 0.4873046875 0.05625 0.052734375
4 0.22734375 0.4873046875 0.0234375 0.052734375
4 0.1765625 0.48828125 0.01875 0.05078125
4 0.153125 0.4931640625 0.021875 0.041015625
4 0.1171875 0.4990234375 0.01875 0.037109375
4 0.0875 0.4970703125 0.021875 0.044921875