1 0.87890625 0.6259765625 0.2390625 0.384765625
1 0.71015625 0.529296875 0.2046875 0.17578125
1 0.45 0.486328125 0.0625 0.0625
0 0.1296875 0.505859375 0.059375 0.078125
0 0.175 0.5126953125 0.021875 0.044921875
4 0.184375 0.4716796875 0.01875 0.076171875
4 0.16796875 0.462890625 0.0140625 0.0390625
4 0.07890625 0.4775390625 0.0328125 0.111328125
4 0.05 0.47265625 0.03125 0.1171875
4 0.62890625 0.4619140625 0.0171875 0.048828125
4 0.596875 0.474609375 0.015625 0.0703125
1 0.41015625 0.4755859375 0.0296875 0.033203125
4 0.85625 0.4521484375 0.021875 0.037109375