1 0.83125 0.4716796875 0.0875 0.052734375
1 0.9046875 0.46484375 0.071875 0.04296875
1 0.4609375 0.4794921875 0.096875 0.060546875
1 0.23984375 0.517578125 0.1859375 0.125
1 0.075 0.533203125 0.146875 0.140625
4 0.6546875 0.470703125 0.021875 0.0703125
4 0.70234375 0.4638671875 0.0265625 0.068359375
4 0.73203125 0.46484375 0.0265625 0.0625
4 0.40625 0.490234375 0.021875 0.08984375
4 0.38515625 0.48828125 0.0328125 0.09765625
4 0.35859375 0.482421875 0.0265625 0.09375
4 0.33828125 0.4833984375 0.0234375 0.099609375
4 0.309375 0.45703125 0.01875 0.04296875
4 0.28984375 0.4541015625 0.0265625 0.041015625
4 0.03984375 0.451171875 0.0234375 0.0390625
4 0.9484375 0.45703125 0.01875 0.05078125
4 0.959375 0.45703125 0.01875 0.046875
4 0.86875 0.4462890625 0.01875 0.029296875