4 0.97265625 0.560546875 0.0515625 0.44921875
1 0.92890625 0.564453125 0.0703125 0.15234375
1 0.84140625 0.509765625 0.2328125 0.20703125
1 0.71171875 0.5029296875 0.1046875 0.150390625
1 0.6796875 0.4931640625 0.115625 0.134765625
1 0.64765625 0.47265625 0.1390625 0.125
1 0.56015625 0.4814453125 0.0390625 0.091796875
1 0.53671875 0.4873046875 0.0234375 0.060546875
4 0.5125 0.478515625 0.021875 0.0859375
4 0.4890625 0.474609375 0.01875 0.078125
1 0.415625 0.4794921875 0.121875 0.154296875
1 0.34609375 0.451171875 0.0328125 0.03515625
1 0.0984375 0.486328125 0.196875 0.2109375
1 0.0359375 0.5458984375 0.071875 0.138671875
2 0.521875 0.5078125 0.015625 0.03125
1 0.30625 0.4833984375 0.096875 0.083984375
1 0.21796875 0.4736328125 0.1015625 0.123046875
1 0.2140625 0.509765625 0.059375 0.125