1 0.34921875 0.4501953125 0.0296875 0.037109375
1 0.553125 0.4501953125 0.04375 0.048828125
1 0.98828125 0.41015625 0.0203125 0.05859375
1 0.9484375 0.4013671875 0.034375 0.072265625
1 0.91171875 0.3994140625 0.0453125 0.076171875
1 0.83984375 0.416015625 0.0296875 0.04296875
1 0.8296875 0.412109375 0.034375 0.05078125
1 0.01953125 0.4296875 0.0390625 0.0390625
1 0.065625 0.427734375 0.040625 0.03515625
1 0.09765625 0.431640625 0.0203125 0.02734375
4 0.28359375 0.451171875 0.0171875 0.03515625
1 0.78203125 0.40234375 0.0203125 0.03125
1 0.72578125 0.419921875 0.0328125 0.03125