0 0.77265625 0.572265625 0.0609375 0.1015625
0 0.51171875 0.4951171875 0.0140625 0.052734375
0 0.46875 0.49609375 0.0125 0.046875
0 0.8171875 0.5068359375 0.025 0.056640625
1 0.7 0.4951171875 0.084375 0.115234375
4 0.6296875 0.46875 0.03125 0.08203125
4 0.0171875 0.494140625 0.034375 0.14453125
4 0.17890625 0.4736328125 0.0234375 0.068359375
0 0.2140625 0.5 0.0125 0.046875
4 0.77421875 0.48828125 0.0609375 0.1953125
0 0.57578125 0.4873046875 0.0234375 0.037109375
4 0.65234375 0.4619140625 0.0140625 0.052734375
4 0.5125 0.4697265625 0.025 0.083984375
4 0.46875 0.4736328125 0.021875 0.080078125
1 0.4296875 0.46484375 0.01875 0.0234375
0 0.23125 0.5029296875 0.021875 0.037109375