1 0.0796875 0.546875 0.159375 0.171875
1 0.228125 0.4658203125 0.05 0.056640625
1 0.29921875 0.47265625 0.0453125 0.0390625
1 0.403125 0.4697265625 0.04375 0.044921875
1 0.5828125 0.4755859375 0.053125 0.056640625
1 0.78125 0.5556640625 0.234375 0.216796875
1 0.88046875 0.6826171875 0.2359375 0.388671875
4 0.5390625 0.466796875 0.01875 0.05078125
4 0.528125 0.4658203125 0.01875 0.052734375
4 0.43984375 0.46484375 0.0203125 0.046875
1 0.35859375 0.474609375 0.0546875 0.0625
1 0.12578125 0.47265625 0.1109375 0.06640625
1 0.15625 0.4609375 0.078125 0.0625
1 0.45859375 0.4560546875 0.0203125 0.029296875