1 0.12578125 0.525390625 0.0484375 0.10546875
1 0.0609375 0.5283203125 0.03125 0.130859375
1 0.15703125 0.4951171875 0.1328125 0.158203125
1 0.26640625 0.45703125 0.0859375 0.0625
1 0.290625 0.509765625 0.171875 0.13671875
1 0.575 0.4833984375 0.03125 0.068359375
1 0.784375 0.4873046875 0.040625 0.087890625
1 0.6890625 0.52734375 0.18125 0.19921875
4 0.3921875 0.4716796875 0.01875 0.056640625
4 0.4109375 0.4755859375 0.025 0.044921875
4 0.521875 0.455078125 0.01875 0.06640625
4 0.54765625 0.494140625 0.0515625 0.15234375
4 0.08515625 0.52734375 0.0578125 0.1953125
4 0.03203125 0.533203125 0.0609375 0.19140625
1 0.60234375 0.5009765625 0.0546875 0.126953125
1 0.48046875 0.46875 0.0328125 0.02734375