1 0.08359375 0.6279296875 0.1671875 0.193359375
1 0.2046875 0.5556640625 0.134375 0.134765625
1 0.30390625 0.5166015625 0.1015625 0.099609375
1 0.36171875 0.494140625 0.0546875 0.078125
4 0.39921875 0.4833984375 0.0234375 0.060546875
4 0.48046875 0.4736328125 0.0234375 0.064453125
1 0.53203125 0.4677734375 0.0546875 0.072265625
1 0.8890625 0.7421875 0.209375 0.49609375
1 0.79921875 0.625 0.2078125 0.2109375
1 0.7140625 0.5478515625 0.125 0.123046875
1 0.671875 0.517578125 0.090625 0.09765625
1 0.634375 0.48828125 0.08125 0.09765625
1 0.9234375 0.46484375 0.14375 0.06640625
1 0.86796875 0.4580078125 0.0578125 0.060546875
1 0.8109375 0.46484375 0.046875 0.05859375
1 0.7109375 0.46484375 0.065625 0.05078125
1 0.459375 0.455078125 0.025 0.02734375
1 0.409375 0.4697265625 0.040625 0.044921875
1 0.4203125 0.4619140625 0.04375 0.041015625