2 0.7453125 0.529296875 0.053125 0.0546875
2 0.8515625 0.533203125 0.040625 0.04296875
4 0.90703125 0.48828125 0.0484375 0.12109375
4 0.70546875 0.482421875 0.0359375 0.12890625
4 0.3328125 0.4306640625 0.03125 0.068359375
4 0.25625 0.4404296875 0.025 0.087890625
4 0.2125 0.4384765625 0.028125 0.076171875
4 0.1953125 0.4423828125 0.028125 0.076171875
1 0.11796875 0.462890625 0.0921875 0.08203125
1 0.46328125 0.4638671875 0.0796875 0.091796875
1 0.44375 0.4501953125 0.0625 0.083984375
1 0.16796875 0.4423828125 0.0484375 0.064453125
1 0.07109375 0.4306640625 0.0484375 0.060546875
1 0.0265625 0.435546875 0.053125 0.0625