4 0.88828125 0.4921875 0.0484375 0.1875
4 0.83671875 0.4970703125 0.0578125 0.208984375
4 0.76328125 0.482421875 0.0421875 0.1484375
4 0.71953125 0.486328125 0.0453125 0.13671875
4 0.61953125 0.4658203125 0.0234375 0.068359375
4 0.59453125 0.470703125 0.0203125 0.07421875
1 0.4421875 0.4697265625 0.046875 0.056640625
1 0.1109375 0.556640625 0.221875 0.1953125
1 0.9515625 0.48828125 0.0875 0.11328125
1 0.94765625 0.423828125 0.1015625 0.1015625
4 0.1640625 0.4794921875 0.01875 0.041015625
4 0.646875 0.4521484375 0.0125 0.044921875
4 0.65703125 0.44921875 0.0140625 0.046875
4 0.57578125 0.4599609375 0.0140625 0.048828125