4 0.04296875 0.66796875 0.0796875 0.2890625
1 0.08671875 0.6416015625 0.1734375 0.224609375
1 0.253125 0.533203125 0.146875 0.11328125
1 0.35625 0.4951171875 0.075 0.072265625
1 0.38125 0.4716796875 0.065625 0.056640625
1 0.50390625 0.4599609375 0.0421875 0.037109375
1 0.56796875 0.49609375 0.0984375 0.1171875
1 0.68125 0.5029296875 0.11875 0.095703125
1 0.83125 0.56640625 0.259375 0.23828125
1 0.93984375 0.736328125 0.1171875 0.28515625
1 0.45546875 0.4541015625 0.0328125 0.029296875
1 0.7546875 0.46484375 0.071875 0.05859375
1 0.63359375 0.4873046875 0.0328125 0.068359375
1 0.9609375 0.4814453125 0.071875 0.091796875
1 0.8203125 0.4423828125 0.065625 0.037109375