4 0.44375 0.4931640625 0.04375 0.169921875
4 0.3203125 0.47265625 0.025 0.1015625
4 0.13671875 0.4794921875 0.0484375 0.162109375
1 0.03046875 0.462890625 0.0609375 0.1640625
1 0.07890625 0.4814453125 0.0671875 0.099609375
1 0.37421875 0.4765625 0.0859375 0.08984375
1 0.49375 0.453125 0.084375 0.0390625
1 0.50078125 0.505859375 0.0734375 0.10546875
1 0.56484375 0.498046875 0.1015625 0.1484375
1 0.59375 0.5048828125 0.078125 0.154296875
1 0.64140625 0.4990234375 0.0671875 0.166015625
1 0.82265625 0.4794921875 0.3484375 0.357421875
1 0.29375 0.4755859375 0.040625 0.060546875
1 0.2640625 0.46875 0.046875 0.046875
1 0.225 0.4677734375 0.03125 0.044921875
4 0.17265625 0.4638671875 0.0203125 0.060546875