1 0.7484375 0.501953125 0.25625 0.2265625
1 0.621875 0.5009765625 0.053125 0.103515625
1 0.5953125 0.4921875 0.065625 0.0859375
1 0.5640625 0.486328125 0.04375 0.06640625
1 0.26171875 0.482421875 0.0359375 0.05859375
1 0.3 0.4794921875 0.040625 0.048828125
1 0.32578125 0.4775390625 0.0203125 0.037109375
1 0.53828125 0.4814453125 0.0234375 0.056640625
1 0.3375 0.47265625 0.03125 0.03515625
4 0.0578125 0.49609375 0.065625 0.29296875
1 0.52109375 0.4755859375 0.0265625 0.052734375
1 0.50546875 0.4697265625 0.0265625 0.052734375
1 0.48203125 0.4619140625 0.0203125 0.033203125
1 0.46328125 0.466796875 0.0203125 0.02734375
1 0.44921875 0.462890625 0.0203125 0.02734375
1 0.40390625 0.4658203125 0.0203125 0.025390625
1 0.390625 0.466796875 0.01875 0.02734375
1 0.378125 0.466796875 0.01875 0.02734375
1 0.3625 0.4677734375 0.01875 0.029296875
1 0.346875 0.470703125 0.01875 0.03515625
1 0.221875 0.4912109375 0.075 0.064453125