1 0.9015625 0.55859375 0.19375 0.3203125
1 0.734375 0.46875 0.08125 0.06640625
1 0.6 0.5185546875 0.14375 0.130859375
1 0.5359375 0.48828125 0.1125 0.1171875
1 0.4703125 0.4853515625 0.025 0.083984375
1 0.44296875 0.4775390625 0.0328125 0.068359375
1 0.2125 0.482421875 0.025 0.0546875
1 0.4234375 0.47265625 0.025 0.0546875
1 0.40703125 0.4755859375 0.0203125 0.037109375
1 0.27109375 0.4716796875 0.0234375 0.033203125
1 0.25625 0.4755859375 0.021875 0.041015625
1 0.23515625 0.478515625 0.0234375 0.04296875
1 0.18203125 0.4892578125 0.0453125 0.072265625
1 0.13828125 0.4990234375 0.0796875 0.072265625
1 0.3890625 0.46484375 0.01875 0.03125