4 0.984375 0.5 0.028125 0.17578125
4 0.95703125 0.501953125 0.0234375 0.15234375
4 0.90625 0.5048828125 0.0375 0.150390625
4 0.86484375 0.5146484375 0.0359375 0.119140625
4 0.73828125 0.494140625 0.0203125 0.0703125
4 0.7078125 0.4892578125 0.021875 0.091796875
4 0.6921875 0.4970703125 0.015625 0.068359375
4 0.6765625 0.494140625 0.015625 0.0625
4 0.6484375 0.4990234375 0.015625 0.048828125
4 0.63515625 0.49609375 0.0109375 0.05078125
4 0.60859375 0.490234375 0.0140625 0.05859375
1 0.47890625 0.521484375 0.1484375 0.1484375
1 0.3828125 0.494140625 0.025 0.02734375