1 0.040625 0.5048828125 0.078125 0.056640625
1 0.0296875 0.6484375 0.05625 0.22265625
1 0.3859375 0.517578125 0.075 0.078125
1 0.43046875 0.4990234375 0.0296875 0.041015625
1 0.48984375 0.5439453125 0.1203125 0.126953125
4 0.5796875 0.51171875 0.025 0.07421875
4 0.63515625 0.505859375 0.0203125 0.05859375
4 0.65546875 0.5029296875 0.0203125 0.052734375
4 0.6921875 0.5048828125 0.021875 0.068359375
4 0.71953125 0.5048828125 0.0203125 0.064453125
4 0.23984375 0.4990234375 0.0234375 0.072265625
4 0.8671875 0.4921875 0.025 0.046875
4 0.21015625 0.490234375 0.0203125 0.0625
4 0.25859375 0.4931640625 0.0203125 0.052734375