4 0.5640625 0.4560546875 0.025 0.068359375
4 0.54765625 0.453125 0.0203125 0.078125
4 0.41484375 0.4482421875 0.0203125 0.060546875
1 0.61953125 0.4658203125 0.0828125 0.083984375
1 0.36875 0.4580078125 0.0625 0.064453125
1 0.22734375 0.4541015625 0.0609375 0.056640625
1 0.03359375 0.4521484375 0.0578125 0.103515625
1 0.1265625 0.451171875 0.046875 0.08203125
1 0.1640625 0.4482421875 0.040625 0.052734375
1 0.14765625 0.42578125 0.0859375 0.0625
1 0.29609375 0.4658203125 0.0953125 0.083984375
1 0.43046875 0.4482421875 0.0203125 0.033203125
1 0.4484375 0.4443359375 0.01875 0.037109375
1 0.45703125 0.4375 0.0234375 0.03125