4 0.1859375 0.5546875 0.059375 0.16796875
4 0.43984375 0.455078125 0.0203125 0.05078125
4 0.48828125 0.453125 0.0234375 0.0625
4 0.5296875 0.458984375 0.034375 0.0546875
1 0.8515625 0.6455078125 0.290625 0.248046875
1 0.7203125 0.564453125 0.15625 0.140625
1 0.6828125 0.5126953125 0.11875 0.119140625
1 0.6140625 0.4736328125 0.078125 0.091796875
1 0.3609375 0.4716796875 0.0375 0.052734375
1 0.32734375 0.486328125 0.0734375 0.06640625
1 0.24296875 0.5283203125 0.0859375 0.115234375
1 0.115625 0.4716796875 0.10625 0.072265625
1 0.07734375 0.603515625 0.1515625 0.2890625
1 0.38359375 0.462890625 0.0265625 0.046875
1 0.39140625 0.453125 0.0359375 0.0546875
1 0.415625 0.451171875 0.021875 0.03515625
0 0.18359375 0.6240234375 0.0546875 0.146484375