0 0.56640625 0.5244140625 0.0203125 0.099609375
0 0.47578125 0.5244140625 0.0234375 0.091796875
0 0.44296875 0.4990234375 0.0171875 0.060546875
4 0.8875 0.4384765625 0.03125 0.119140625
4 0.8453125 0.4384765625 0.015625 0.099609375
0 0.8828125 0.52734375 0.025 0.06640625
0 0.9671875 0.552734375 0.0625 0.1484375
0 0.91875 0.498046875 0.053125 0.1015625
4 0.1015625 0.4638671875 0.03125 0.107421875
4 0.04296875 0.470703125 0.0328125 0.11328125
1 0.2546875 0.4833984375 0.084375 0.060546875
1 0.290625 0.4765625 0.03125 0.046875
1 0.29921875 0.4716796875 0.0390625 0.052734375
0 0.64296875 0.48828125 0.0359375 0.0703125
0 0.8328125 0.5283203125 0.034375 0.076171875
0 0.61796875 0.484375 0.0203125 0.0625
4 0.56640625 0.466796875 0.0390625 0.16796875
4 0.52265625 0.451171875 0.0109375 0.03515625
4 0.475 0.4755859375 0.0375 0.146484375
4 0.43984375 0.4501953125 0.0234375 0.056640625
1 0.41796875 0.4619140625 0.0234375 0.033203125
1 0.375 0.45703125 0.021875 0.01953125
4 0.19375 0.458984375 0.01875 0.046875
0 0.1671875 0.4814453125 0.01875 0.041015625