4 0.971875 0.42578125 0.028125 0.11328125
0 0.95703125 0.45703125 0.0296875 0.0546875
0 0.99140625 0.4560546875 0.0140625 0.041015625
0 0.8828125 0.4599609375 0.03125 0.052734375
4 0.85546875 0.423828125 0.0296875 0.125
0 0.8234375 0.4599609375 0.04375 0.052734375
1 0.46328125 0.421875 0.0453125 0.046875
1 0.43984375 0.4189453125 0.0203125 0.033203125
1 0.4296875 0.40234375 0.01875 0.0234375
1 0.425 0.390625 0.015625 0.01953125
1 0.403125 0.380859375 0.015625 0.01953125
1 0.3703125 0.38671875 0.015625 0.01953125
1 0.35546875 0.4150390625 0.0234375 0.060546875
1 0.3328125 0.4228515625 0.021875 0.064453125
1 0.27734375 0.4423828125 0.0890625 0.083984375
1 0.28671875 0.3876953125 0.0578125 0.017578125