1 0.10546875 0.5966796875 0.2046875 0.208984375
1 0.234375 0.548828125 0.121875 0.14453125
1 0.275 0.51171875 0.084375 0.1015625
1 0.30859375 0.5 0.0546875 0.078125
1 0.67109375 0.5166015625 0.1046875 0.091796875
1 0.76796875 0.580078125 0.2078125 0.1484375
1 0.89453125 0.6650390625 0.2078125 0.232421875
0 0.4546875 0.55078125 0.028125 0.08203125
4 0.58125 0.5224609375 0.04375 0.123046875
4 0.45859375 0.501953125 0.0359375 0.140625
4 0.3984375 0.4580078125 0.01875 0.052734375
4 0.35234375 0.4501953125 0.0203125 0.056640625
4 0.3359375 0.451171875 0.01875 0.05078125
4 0.325 0.4453125 0.01875 0.04296875
1 0.5546875 0.4638671875 0.040625 0.041015625
1 0.48671875 0.4501953125 0.0265625 0.033203125
1 0.925 0.4794921875 0.1 0.052734375
1 0.85078125 0.474609375 0.0546875 0.05078125