1 0.39140625 0.4765625 0.0671875 0.05859375
1 0.2546875 0.474609375 0.059375 0.05078125
1 0.2953125 0.4697265625 0.0375 0.048828125
1 0.3078125 0.462890625 0.034375 0.046875
1 0.5140625 0.4716796875 0.046875 0.044921875
0 0.01171875 0.501953125 0.0203125 0.03515625
4 0.03203125 0.4833984375 0.0203125 0.072265625
0 0.7296875 0.4921875 0.028125 0.0390625
1 0.48984375 0.46875 0.0203125 0.04296875
1 0.4796875 0.462890625 0.021875 0.04296875
1 0.4640625 0.4638671875 0.01875 0.029296875
1 0.4515625 0.4638671875 0.01875 0.029296875
1 0.43359375 0.4599609375 0.0203125 0.025390625
1 0.3296875 0.466796875 0.0125 0.04296875
1 0.3390625 0.4638671875 0.0125 0.037109375
1 0.35234375 0.4609375 0.0140625 0.03515625
0 0.05390625 0.5 0.0234375 0.0390625