4 0.8484375 0.4609375 0.028125 0.11328125
1 0.9046875 0.48828125 0.084375 0.06640625
1 0.80703125 0.484375 0.0390625 0.0625
1 0.76484375 0.490234375 0.0328125 0.05078125
1 0.7078125 0.494140625 0.059375 0.0546875
4 0.48828125 0.40234375 0.0296875 0.0546875
1 0.5203125 0.49609375 0.1625 0.19140625
1 0.29765625 0.484375 0.0203125 0.03125
1 0.278125 0.4873046875 0.025 0.037109375
1 0.25703125 0.490234375 0.0390625 0.03125
1 0.1296875 0.4970703125 0.20625 0.099609375
1 0.4203125 0.560546875 0.28125 0.2890625