4 0.61171875 0.49609375 0.0265625 0.0859375
1 0.88203125 0.7490234375 0.2296875 0.494140625
1 0.45625 0.4619140625 0.05 0.044921875
1 0.30078125 0.4541015625 0.0515625 0.064453125
1 0.08125 0.48828125 0.153125 0.0625
1 0.50234375 0.453125 0.0265625 0.03515625
1 0.52890625 0.4521484375 0.0328125 0.037109375
1 0.5671875 0.447265625 0.021875 0.02734375
1 0.7078125 0.478515625 0.028125 0.03515625
1 0.2328125 0.439453125 0.075 0.0234375
1 0.628125 0.4638671875 0.0375 0.041015625
0 0.59375 0.521484375 0.0375 0.04296875