0 0.93046875 0.5849609375 0.0578125 0.095703125
0 0.7796875 0.54296875 0.04375 0.0703125
0 0.70390625 0.53125 0.0265625 0.06640625
0 0.65625 0.5146484375 0.03125 0.052734375
0 0.61328125 0.50390625 0.0234375 0.05078125
0 0.58046875 0.4990234375 0.0234375 0.041015625
4 0.934375 0.5087890625 0.0625 0.181640625
4 0.77734375 0.5048828125 0.0421875 0.119140625
4 0.7 0.498046875 0.03125 0.08203125
4 0.653125 0.4912109375 0.03125 0.076171875
4 0.6125 0.48828125 0.021875 0.0625
4 0.58359375 0.4765625 0.0265625 0.0625
1 0.97265625 0.505859375 0.0359375 0.10546875
1 0.9 0.48828125 0.04375 0.08984375
1 0.0671875 0.435546875 0.06875 0.046875