1 0.89765625 0.5791015625 0.2015625 0.369140625
1 0.76796875 0.53515625 0.2734375 0.25
1 0.62734375 0.5068359375 0.1234375 0.158203125
1 0.57578125 0.490234375 0.0703125 0.11328125
1 0.53671875 0.4794921875 0.0546875 0.095703125
1 0.47578125 0.4619140625 0.0328125 0.037109375
1 0.4609375 0.451171875 0.01875 0.0234375
1 0.44765625 0.4443359375 0.0171875 0.021484375
1 0.40859375 0.4375 0.0171875 0.0234375
1 0.3875 0.455078125 0.028125 0.03125
1 0.359375 0.4541015625 0.028125 0.029296875
1 0.146875 0.525390625 0.259375 0.22265625