4 0.73046875 0.50390625 0.0203125 0.08203125
4 0.678125 0.4931640625 0.01875 0.044921875
4 0.65 0.4794921875 0.021875 0.041015625
0 0.65078125 0.5234375 0.0203125 0.03515625
1 0.575 0.4931640625 0.03125 0.033203125
1 0.40625 0.4794921875 0.034375 0.029296875
1 0.38203125 0.482421875 0.0265625 0.02734375
1 0.36328125 0.478515625 0.0234375 0.03125
1 0.334375 0.474609375 0.03125 0.03125
1 0.309375 0.4765625 0.03125 0.02734375
1 0.259375 0.4833984375 0.04375 0.029296875
1 0.19453125 0.5029296875 0.1203125 0.087890625
1 0.1140625 0.5029296875 0.04375 0.076171875
1 0.04921875 0.4794921875 0.0515625 0.037109375
1 0.0203125 0.48046875 0.0375 0.0390625