1 0.41796875 0.4677734375 0.0546875 0.056640625
1 0.20625 0.48046875 0.071875 0.0703125
1 0.25 0.4765625 0.034375 0.05859375
1 0.27109375 0.4677734375 0.0640625 0.060546875
1 0.2984375 0.4599609375 0.04375 0.060546875
1 0.325 0.4619140625 0.01875 0.048828125
1 0.3375 0.462890625 0.021875 0.0390625
1 0.35703125 0.458984375 0.0296875 0.03515625
1 0.3765625 0.458984375 0.015625 0.0234375
1 0.384375 0.45703125 0.015625 0.0234375
1 0.45 0.453125 0.015625 0.0234375
1 0.4625 0.453125 0.015625 0.02734375
1 0.47578125 0.4580078125 0.0171875 0.025390625
1 0.48828125 0.4609375 0.0171875 0.03125
1 0.50234375 0.458984375 0.0171875 0.046875