4 0.475 0.4609375 0.01875 0.04296875
4 0.484375 0.458984375 0.01875 0.046875
4 0.4984375 0.4609375 0.01875 0.05078125
4 0.678125 0.4619140625 0.01875 0.033203125
0 0.55546875 0.6181640625 0.0359375 0.103515625
1 0.6265625 0.4892578125 0.04375 0.064453125
1 0.58203125 0.4951171875 0.0484375 0.064453125
1 0.6671875 0.5126953125 0.096875 0.076171875
1 0.7453125 0.482421875 0.059375 0.0546875
1 0.75546875 0.4921875 0.0546875 0.07421875
1 0.90859375 0.4775390625 0.1484375 0.044921875
4 0.68203125 0.59375 0.0671875 0.1875
1 0.8765625 0.6435546875 0.24375 0.302734375
4 0.5671875 0.5576171875 0.065625 0.177734375
1 0.43984375 0.4736328125 0.0421875 0.041015625
1 0.425 0.486328125 0.025 0.0546875
1 0.4 0.48828125 0.046875 0.06640625
1 0.3578125 0.4853515625 0.08125 0.091796875
1 0.3375 0.517578125 0.059375 0.08984375
1 0.27421875 0.5263671875 0.1078125 0.130859375
1 0.16875 0.568359375 0.1875 0.1796875