4 0.63125 0.4658203125 0.03125 0.083984375
4 0.58125 0.47265625 0.034375 0.078125
1 0.04140625 0.4990234375 0.0828125 0.123046875
1 0.1609375 0.4755859375 0.11875 0.095703125
1 0.23359375 0.47265625 0.0515625 0.06640625
1 0.090625 0.4716796875 0.040625 0.060546875
4 0.85234375 0.447265625 0.0203125 0.0703125
4 0.7953125 0.4443359375 0.025 0.064453125
1 0.4515625 0.4736328125 0.1125 0.123046875
1 0.32265625 0.4580078125 0.0296875 0.033203125
1 0.3 0.4580078125 0.025 0.041015625
1 0.271875 0.4658203125 0.034375 0.037109375
4 0.82578125 0.4521484375 0.0234375 0.044921875
1 0.05859375 0.470703125 0.0234375 0.03515625