1 0.64609375 0.43359375 0.1796875 0.05859375
1 0.575 0.4267578125 0.15 0.068359375
1 0.828125 0.4404296875 0.08125 0.056640625
1 0.98671875 0.44140625 0.0234375 0.0625
1 0.90390625 0.435546875 0.1109375 0.0625
1 0.06953125 0.4130859375 0.0703125 0.056640625
1 0.12109375 0.4052734375 0.0484375 0.041015625
1 0.18359375 0.458984375 0.1265625 0.10546875
1 0.2375 0.390625 0.0625 0.04296875
4 0.78828125 0.48046875 0.0453125 0.16015625
4 0.76875 0.4697265625 0.04375 0.130859375
4 0.32421875 0.412109375 0.0234375 0.0625
1 0.30234375 0.390625 0.0234375 0.04296875
1 0.34453125 0.390625 0.0296875 0.046875