1 0.44375 0.474609375 0.075 0.08203125
1 0.278125 0.4677734375 0.053125 0.048828125
1 0.35390625 0.47265625 0.0484375 0.04296875
0 0.83828125 0.4931640625 0.0390625 0.029296875
4 0.7359375 0.443359375 0.01875 0.04296875
4 0.69140625 0.4609375 0.0171875 0.0625
4 0.653125 0.44921875 0.015625 0.03125
4 0.8359375 0.4541015625 0.021875 0.052734375
0 0.653125 0.4794921875 0.015625 0.025390625
1 0.31171875 0.47265625 0.0234375 0.0234375
1 0.396875 0.47265625 0.021875 0.0234375
1 0.3828125 0.47265625 0.015625 0.01953125