1 0.809375 0.46484375 0.053125 0.078125
1 0.9 0.447265625 0.09375 0.12890625
4 0.9625 0.505859375 0.06875 0.37109375
4 0.621875 0.4619140625 0.028125 0.087890625
4 0.65078125 0.466796875 0.0234375 0.0703125
4 0.55 0.4580078125 0.01875 0.044921875
4 0.57109375 0.45703125 0.0171875 0.046875
4 0.596875 0.455078125 0.01875 0.05078125
4 0.171875 0.482421875 0.01875 0.046875
4 0.11484375 0.490234375 0.0203125 0.0546875
1 0.728125 0.4560546875 0.0375 0.052734375
4 0.12890625 0.490234375 0.0203125 0.03125