4 0.75859375 0.5078125 0.0484375 0.09765625
2 0.69296875 0.5361328125 0.0296875 0.029296875
2 0.66640625 0.533203125 0.0328125 0.03515625
4 0.66796875 0.4912109375 0.0359375 0.095703125
4 0.27421875 0.44140625 0.0203125 0.046875
4 0.2515625 0.451171875 0.01875 0.05078125
4 0.23359375 0.4521484375 0.0203125 0.052734375
4 0.21328125 0.45703125 0.0265625 0.0625
1 0.415625 0.4873046875 0.06875 0.068359375
1 0.39921875 0.470703125 0.0609375 0.0703125
1 0.175 0.4677734375 0.05 0.064453125
1 0.1375 0.4814453125 0.071875 0.068359375
1 0.96171875 0.505859375 0.0734375 0.11328125
1 0.0703125 0.4541015625 0.028125 0.056640625
1 0.03984375 0.462890625 0.0546875 0.0703125