1 0.925 0.44921875 0.14375 0.140625
1 0.9515625 0.490234375 0.09375 0.11328125
4 0.8046875 0.4833984375 0.046875 0.177734375
4 0.73828125 0.482421875 0.0515625 0.1953125
4 0.4078125 0.484375 0.05 0.15625
4 0.3140625 0.5185546875 0.065625 0.212890625
0 0.31640625 0.58203125 0.0359375 0.12890625
1 0.64375 0.44921875 0.025 0.02734375
4 0.16875 0.478515625 0.01875 0.0390625
4 0.12734375 0.4873046875 0.0203125 0.033203125
4 0.11484375 0.490234375 0.0203125 0.0546875
4 0.61484375 0.462890625 0.0234375 0.0625
4 0.5984375 0.458984375 0.021875 0.05859375
4 0.5515625 0.462890625 0.021875 0.05078125