4 0.6921875 0.4580078125 0.028125 0.060546875
4 0.66875 0.45703125 0.025 0.0625
4 0.646875 0.458984375 0.025 0.046875
4 0.18828125 0.4775390625 0.0203125 0.060546875
4 0.16875 0.478515625 0.01875 0.06640625
1 0.30390625 0.47265625 0.0515625 0.046875
1 0.23828125 0.4697265625 0.0484375 0.064453125
1 0.35234375 0.5087890625 0.1171875 0.076171875
1 0.52265625 0.48046875 0.0359375 0.05078125
1 0.91328125 0.5 0.1671875 0.0625
4 0.584375 0.443359375 0.01875 0.03125
1 0.425 0.4765625 0.0375 0.0390625
1 0.40859375 0.470703125 0.0328125 0.03515625
1 0.38125 0.4580078125 0.021875 0.029296875
1 0.57578125 0.4658203125 0.0671875 0.025390625