1 0.1125 0.5546875 0.215625 0.2109375
1 0.52578125 0.52734375 0.0953125 0.09375
1 0.2453125 0.48828125 0.065625 0.0625
4 0.1453125 0.4482421875 0.03125 0.044921875
4 0.1828125 0.4482421875 0.0375 0.060546875
1 0.9140625 0.54296875 0.15625 0.0546875
1 0.3109375 0.4833984375 0.04375 0.044921875
1 0.34375 0.4833984375 0.028125 0.033203125
1 0.278125 0.4853515625 0.025 0.052734375
1 0.41328125 0.4892578125 0.0265625 0.025390625
1 0.4921875 0.5029296875 0.071875 0.072265625
1 0.4671875 0.4921875 0.034375 0.0546875
4 0.43828125 0.48828125 0.0140625 0.03125
4 0.38984375 0.486328125 0.0140625 0.0390625
4 0.37890625 0.484375 0.0140625 0.0390625
4 0.36953125 0.4853515625 0.0171875 0.041015625
1 0.9078125 0.51171875 0.153125 0.06640625
1 0.7875 0.5712890625 0.15625 0.126953125