1 0.11484375 0.462890625 0.0796875 0.07421875
1 0.4546875 0.4716796875 0.078125 0.091796875
1 0.43125 0.4482421875 0.065625 0.076171875
4 0.88515625 0.4912109375 0.0515625 0.115234375
4 0.7078125 0.484375 0.040625 0.1171875
2 0.82578125 0.5361328125 0.0546875 0.041015625
2 0.7421875 0.5263671875 0.053125 0.056640625
4 0.32109375 0.4345703125 0.0234375 0.068359375
4 0.25390625 0.4375 0.0234375 0.0625
4 0.20390625 0.4404296875 0.0265625 0.068359375
1 0.16875 0.443359375 0.05 0.0546875
1 0.06875 0.4365234375 0.0375 0.056640625
1 0.02578125 0.4453125 0.0515625 0.06640625
1 0.37109375 0.4306640625 0.0359375 0.044921875
1 0.38828125 0.4384765625 0.0265625 0.052734375