0 0.5984375 0.4150390625 0.01875 0.064453125
0 0.5265625 0.4013671875 0.01875 0.056640625
4 0.5234375 0.376953125 0.03125 0.10546875
4 0.59921875 0.3857421875 0.0296875 0.103515625
1 0.68046875 0.4140625 0.1015625 0.09375
1 0.79609375 0.4150390625 0.1734375 0.208984375
1 0.88359375 0.45703125 0.2296875 0.37109375
1 0.396875 0.3759765625 0.05 0.064453125
1 0.35390625 0.3876953125 0.0734375 0.076171875
1 0.42734375 0.37890625 0.0296875 0.0390625
1 0.2546875 0.4013671875 0.109375 0.123046875
1 0.1125 0.4189453125 0.221875 0.166015625
1 0.56875 0.3798828125 0.028125 0.037109375
1 0.43984375 0.37109375 0.0328125 0.0390625
1 0.46171875 0.3701171875 0.0265625 0.033203125
1 0.4875 0.375 0.021875 0.0234375