4 0.05390625 0.4853515625 0.0609375 0.134765625
4 0.7421875 0.4638671875 0.025 0.091796875
4 0.484375 0.453125 0.021875 0.0625
4 0.88828125 0.47265625 0.0484375 0.125
4 0.91640625 0.4658203125 0.0421875 0.107421875
1 0.3875 0.4765625 0.10625 0.0859375
1 0.52890625 0.46484375 0.0296875 0.046875
1 0.5625 0.474609375 0.0625 0.06640625
0 0.09375 0.5283203125 0.05 0.064453125
0 0.02890625 0.5205078125 0.0578125 0.087890625
4 0.08828125 0.4326171875 0.0234375 0.029296875
4 0.10703125 0.44140625 0.0265625 0.0390625
4 0.66640625 0.4560546875 0.0234375 0.064453125
4 0.95546875 0.4423828125 0.0265625 0.041015625
4 0.8109375 0.443359375 0.025 0.02734375