1 0.94296875 0.5234375 0.1109375 0.16796875
1 0.88046875 0.484375 0.2359375 0.18359375
1 0.80546875 0.474609375 0.1359375 0.14453125
1 0.72578125 0.4716796875 0.0234375 0.060546875
1 0.5953125 0.5 0.265625 0.34375
1 0.41484375 0.4677734375 0.1390625 0.146484375
4 0.40859375 0.486328125 0.0421875 0.1640625
1 0.271875 0.470703125 0.184375 0.16015625
1 0.20234375 0.482421875 0.2734375 0.234375
1 0.06953125 0.38671875 0.1390625 0.07421875
1 0.05859375 0.5517578125 0.1171875 0.255859375
2 0.3453125 0.556640625 0.071875 0.08203125