1 0.809375 0.5283203125 0.28125 0.255859375
1 0.57109375 0.470703125 0.0546875 0.06640625
1 0.53203125 0.4638671875 0.0234375 0.048828125
4 0.515625 0.458984375 0.015625 0.0390625
1 0.45 0.4658203125 0.040625 0.048828125
1 0.421875 0.4228515625 0.01875 0.021484375
1 0.42734375 0.4482421875 0.0203125 0.025390625
1 0.3796875 0.462890625 0.021875 0.03125
1 0.3625 0.478515625 0.034375 0.05078125
1 0.31484375 0.478515625 0.0671875 0.08203125
4 0.2609375 0.4658203125 0.015625 0.056640625
4 0.24609375 0.46875 0.0171875 0.0546875