4 0.45390625 0.4580078125 0.0203125 0.052734375
4 0.63515625 0.4501953125 0.0203125 0.044921875
1 0.85234375 0.6767578125 0.2921875 0.345703125
1 0.965625 0.9072265625 0.065625 0.181640625
1 0.68203125 0.53125 0.1453125 0.1328125
1 0.6015625 0.4873046875 0.06875 0.056640625
1 0.38828125 0.46875 0.0359375 0.046875
1 0.34765625 0.478515625 0.0671875 0.07421875
1 0.30625 0.4990234375 0.0625 0.068359375
1 0.2578125 0.525390625 0.0625 0.08203125
1 0.2109375 0.55078125 0.096875 0.125
1 0.09453125 0.5927734375 0.1859375 0.212890625
1 0.940625 0.4609375 0.0625 0.0703125
1 0.9734375 0.4697265625 0.05 0.068359375
1 0.571875 0.4619140625 0.046875 0.056640625
1 0.553125 0.4619140625 0.028125 0.041015625
1 0.48671875 0.44140625 0.0234375 0.02734375
1 0.4265625 0.4541015625 0.028125 0.029296875