1 0.63828125 0.4951171875 0.1015625 0.083984375
1 0.51953125 0.4765625 0.0984375 0.08203125
1 0.43828125 0.4873046875 0.0203125 0.017578125
1 0.4046875 0.486328125 0.025 0.0234375
1 0.38359375 0.4833984375 0.0234375 0.029296875
1 0.3640625 0.482421875 0.01875 0.0390625
1 0.33515625 0.48046875 0.0453125 0.046875
4 0.2328125 0.482421875 0.01875 0.05078125
4 0.2 0.4833984375 0.021875 0.052734375
4 0.18515625 0.4873046875 0.0203125 0.037109375
4 0.15078125 0.4892578125 0.0203125 0.033203125
4 0.1265625 0.4853515625 0.01875 0.044921875