4 0.9265625 0.6611328125 0.1375 0.283203125
4 0.68671875 0.5908203125 0.0921875 0.408203125
4 0.453125 0.4814453125 0.065625 0.130859375
4 0.015625 0.607421875 0.03125 0.55859375
1 0.57890625 0.4775390625 0.0609375 0.072265625
1 0.54296875 0.4677734375 0.0328125 0.056640625
1 0.259375 0.4619140625 0.096875 0.048828125
4 0.03828125 0.4375 0.0203125 0.03125
4 0.06171875 0.4375 0.0203125 0.02734375
4 0.07890625 0.4375 0.0203125 0.03125
1 0.5171875 0.451171875 0.021875 0.02734375
4 0.85703125 0.443359375 0.0265625 0.0390625
4 0.98359375 0.453125 0.0265625 0.05078125