4 0.3796875 0.47265625 0.025 0.06640625
1 0.14140625 0.51171875 0.1359375 0.10546875
1 0.2234375 0.5849609375 0.209375 0.177734375
1 0.3296875 0.4814453125 0.06875 0.083984375
1 0.81796875 0.5634765625 0.1578125 0.146484375
1 0.75859375 0.5244140625 0.0765625 0.103515625
1 0.4171875 0.5 0.0875 0.0859375
1 0.475 0.470703125 0.053125 0.0546875
1 0.21640625 0.4794921875 0.0859375 0.052734375
1 0.70546875 0.484375 0.0453125 0.078125
1 0.6640625 0.4755859375 0.025 0.044921875
1 0.628125 0.451171875 0.028125 0.02734375