4 0.90546875 0.626953125 0.0921875 0.41015625
4 0.91484375 0.66015625 0.0859375 0.375
4 0.3953125 0.4580078125 0.021875 0.044921875
1 0.06875 0.453125 0.13125 0.07421875
1 0.2 0.44140625 0.071875 0.05859375
1 0.2796875 0.453125 0.1 0.0625
1 0.53984375 0.458984375 0.0328125 0.03515625
1 0.60625 0.4814453125 0.046875 0.056640625
1 0.6421875 0.4990234375 0.05 0.076171875
1 0.67109375 0.5078125 0.0546875 0.0859375
1 0.7078125 0.5166015625 0.071875 0.115234375
1 0.79375 0.5380859375 0.20625 0.197265625
1 0.971875 0.73828125 0.053125 0.20703125
1 0.19140625 0.4609375 0.0578125 0.05859375
1 0.11953125 0.451171875 0.0984375 0.078125
1 0.4828125 0.455078125 0.021875 0.0234375
1 0.584375 0.4677734375 0.028125 0.041015625