1 0.10546875 0.42578125 0.0921875 0.09765625
4 0.34453125 0.4169921875 0.0203125 0.076171875
4 0.38203125 0.4287109375 0.0296875 0.072265625
4 0.4328125 0.43359375 0.046875 0.12890625
4 0.546875 0.4755859375 0.065625 0.169921875
4 0.69609375 0.4619140625 0.0921875 0.212890625
0 0.715625 0.5439453125 0.046875 0.138671875
0 0.68046875 0.556640625 0.0296875 0.08203125
0 0.55078125 0.54296875 0.0453125 0.10546875
0 0.4375 0.470703125 0.021875 0.078125
0 0.38359375 0.4609375 0.0203125 0.0546875
0 0.34453125 0.458984375 0.0203125 0.046875
0 0.4578125 0.470703125 0.021875 0.04296875