1 0.39140625 0.4404296875 0.1046875 0.099609375
1 0.334375 0.423828125 0.046875 0.0625
1 0.0109375 0.4248046875 0.021875 0.076171875
1 0.040625 0.427734375 0.05 0.0625
1 0.06640625 0.423828125 0.0296875 0.046875
1 0.09375 0.4248046875 0.03125 0.044921875
1 0.103125 0.419921875 0.046875 0.0546875
1 0.58671875 0.384765625 0.0703125 0.01953125
1 0.30390625 0.4189453125 0.0296875 0.056640625
1 0.284375 0.4150390625 0.021875 0.029296875
1 0.26875 0.4150390625 0.028125 0.029296875
1 0.23125 0.4091796875 0.025 0.029296875
1 0.203125 0.416015625 0.021875 0.02734375
1 0.18125 0.4169921875 0.021875 0.033203125
1 0.16171875 0.416015625 0.0234375 0.03515625
1 0.14375 0.416015625 0.021875 0.03515625
1 0.13203125 0.421875 0.0203125 0.03515625