1 0.61640625 0.462890625 0.0890625 0.08984375
1 0.56796875 0.447265625 0.0515625 0.0703125
1 0.53203125 0.4521484375 0.0328125 0.044921875
1 0.50546875 0.4423828125 0.0203125 0.029296875
1 0.4921875 0.4443359375 0.015625 0.025390625
1 0.4640625 0.4462890625 0.028125 0.029296875
1 0.44375 0.4423828125 0.015625 0.021484375
1 0.3375 0.4609375 0.0625 0.07421875
1 0.2796875 0.4697265625 0.096875 0.091796875
4 0.17109375 0.4716796875 0.0328125 0.134765625
0 0.2125 0.5078125 0.040625 0.0625
0 0.13671875 0.5126953125 0.0453125 0.056640625