4 0.63203125 0.50390625 0.0609375 0.28515625
1 0.56328125 0.4833984375 0.0734375 0.099609375
1 0.51796875 0.4814453125 0.0453125 0.076171875
1 0.48671875 0.4892578125 0.0234375 0.064453125
1 0.44609375 0.484375 0.0796875 0.078125
1 0.34453125 0.482421875 0.0765625 0.08203125
1 0.2765625 0.4716796875 0.04375 0.052734375
4 0.25390625 0.5029296875 0.0203125 0.091796875
4 0.23203125 0.4833984375 0.0265625 0.119140625
1 0.15625 0.4873046875 0.128125 0.142578125
1 0.06328125 0.5068359375 0.1265625 0.197265625