1 0.24609375 0.40625 0.1046875 0.0859375
1 0.3 0.3955078125 0.053125 0.064453125
1 0.703125 0.451171875 0.175 0.1796875
1 0.559375 0.404296875 0.04375 0.0625
1 0.3640625 0.38671875 0.03125 0.05078125
4 0.5265625 0.3896484375 0.021875 0.072265625
4 0.459375 0.384765625 0.03125 0.0859375
1 0.34296875 0.390625 0.0484375 0.0546875
1 0.38359375 0.380859375 0.0265625 0.03515625
1 0.39296875 0.3779296875 0.0234375 0.033203125
1 0.40859375 0.3740234375 0.0234375 0.029296875
1 0.50390625 0.3857421875 0.0234375 0.029296875
0 0.5265625 0.416015625 0.01875 0.05078125
0 0.4578125 0.41015625 0.01875 0.05078125
1 0.62890625 0.4130859375 0.0953125 0.123046875