1 0.778125 0.572265625 0.159375 0.13671875
1 0.71328125 0.546875 0.0921875 0.09765625
1 0.6671875 0.5107421875 0.078125 0.087890625
1 0.50625 0.46484375 0.028125 0.03125
1 0.621875 0.49609375 0.05 0.05859375
1 0.5984375 0.486328125 0.028125 0.046875
1 0.590625 0.4765625 0.034375 0.04296875
1 0.56171875 0.470703125 0.0296875 0.02734375
4 0.48203125 0.46484375 0.0203125 0.03125
4 0.35859375 0.46484375 0.0140625 0.04296875
4 0.4203125 0.458984375 0.0125 0.02734375
4 0.37578125 0.4658203125 0.0109375 0.041015625
1 0.52578125 0.4609375 0.0265625 0.02734375