4 0.9171875 0.4990234375 0.04375 0.150390625
4 0.88125 0.5048828125 0.034375 0.123046875
4 0.8515625 0.4970703125 0.028125 0.087890625
4 0.81640625 0.453125 0.0203125 0.0234375
4 0.81796875 0.51953125 0.0328125 0.109375
4 0.7859375 0.5166015625 0.03125 0.123046875
4 0.7609375 0.5146484375 0.01875 0.103515625
4 0.7296875 0.515625 0.01875 0.0703125
4 0.71015625 0.521484375 0.0203125 0.07421875
4 0.6875 0.51953125 0.01875 0.078125
4 0.6734375 0.51171875 0.015625 0.06640625
4 0.659375 0.5185546875 0.021875 0.068359375
4 0.63984375 0.5234375 0.0203125 0.06640625
4 0.61875 0.51953125 0.01875 0.0625
4 0.60078125 0.51953125 0.0203125 0.0546875
4 0.57421875 0.48828125 0.0140625 0.0390625
4 0.5625 0.4921875 0.0125 0.03515625
4 0.5484375 0.5009765625 0.01875 0.044921875
4 0.52890625 0.4951171875 0.0203125 0.037109375
1 0.4375 0.46875 0.025 0.0234375
1 0.4140625 0.462890625 0.01875 0.02734375
1 0.4296875 0.4814453125 0.028125 0.025390625
1 0.47734375 0.5400390625 0.1140625 0.111328125
1 0.40703125 0.5380859375 0.0515625 0.087890625
1 0.37109375 0.515625 0.0296875 0.0390625
1 0.3296875 0.509765625 0.05625 0.046875
4 0.25546875 0.50390625 0.0109375 0.046875
4 0.240625 0.521484375 0.01875 0.046875
4 0.2328125 0.505859375 0.015625 0.05078125
1 0.153125 0.5361328125 0.05 0.052734375
1 0.10546875 0.5322265625 0.0296875 0.052734375