4 0.93046875 0.4697265625 0.0265625 0.056640625
4 0.81328125 0.447265625 0.0265625 0.03125
4 0.7671875 0.44921875 0.021875 0.0390625
4 0.70703125 0.4814453125 0.0203125 0.037109375
4 0.6734375 0.4794921875 0.01875 0.037109375
1 0.8359375 0.5771484375 0.309375 0.224609375
1 0.5234375 0.4853515625 0.103125 0.119140625
1 0.46953125 0.5048828125 0.1234375 0.126953125
1 0.36953125 0.486328125 0.0359375 0.03125
1 0.33671875 0.4833984375 0.0296875 0.029296875
1 0.28203125 0.4970703125 0.0859375 0.060546875
1 0.1375 0.515625 0.165625 0.125
1 0.03046875 0.5361328125 0.0609375 0.142578125