1 0.87734375 0.642578125 0.2421875 0.4453125
1 0.74140625 0.5244140625 0.2390625 0.248046875
1 0.62265625 0.5 0.0921875 0.1640625
1 0.57578125 0.501953125 0.0359375 0.07421875
1 0.515625 0.47265625 0.05625 0.06640625
1 0.47421875 0.490234375 0.0640625 0.07421875
1 0.4109375 0.48046875 0.034375 0.03125
1 0.29375 0.4990234375 0.046875 0.064453125
1 0.2578125 0.4990234375 0.03125 0.076171875
1 0.1921875 0.498046875 0.103125 0.12109375
1 0.08515625 0.505859375 0.1515625 0.16796875
1 0.028125 0.6357421875 0.05625 0.333984375
1 0.37421875 0.48046875 0.0421875 0.03125