4 0.20078125 0.4921875 0.0359375 0.109375
4 0.23046875 0.494140625 0.0453125 0.11328125
1 0.040625 0.5205078125 0.08125 0.115234375
1 0.0609375 0.4990234375 0.1125 0.115234375
1 0.1125 0.482421875 0.075 0.078125
1 0.64765625 0.4921875 0.0953125 0.0859375
1 0.7640625 0.4892578125 0.171875 0.107421875
1 0.85703125 0.5 0.1328125 0.12109375
1 0.90859375 0.5185546875 0.1796875 0.158203125
1 0.9578125 0.5615234375 0.08125 0.119140625
1 0.4609375 0.466796875 0.03125 0.03515625
1 0.16015625 0.478515625 0.0390625 0.07421875
1 0.609375 0.482421875 0.090625 0.078125
1 0.61171875 0.4873046875 0.0609375 0.072265625