4 0.65859375 0.4638671875 0.0265625 0.095703125
4 0.68046875 0.4638671875 0.0296875 0.099609375
4 0.70390625 0.46484375 0.0234375 0.09765625
1 0.81171875 0.4599609375 0.0546875 0.072265625
1 0.92578125 0.451171875 0.1453125 0.1484375
1 0.95234375 0.4912109375 0.0921875 0.107421875
1 0.43125 0.4736328125 0.046875 0.052734375
4 0.59921875 0.4638671875 0.0203125 0.052734375
4 0.1203125 0.4912109375 0.028125 0.064453125
4 0.1 0.47265625 0.01875 0.02734375
4 0.375 0.4658203125 0.015625 0.037109375
4 0.55703125 0.4599609375 0.0203125 0.044921875
4 0.63515625 0.451171875 0.0203125 0.05078125
4 0.88125 0.416015625 0.03125 0.03515625