1 0.08984375 0.533203125 0.0796875 0.05859375
1 0.159375 0.5341796875 0.059375 0.052734375
4 0.01953125 0.5263671875 0.0234375 0.052734375
4 0.04609375 0.5244140625 0.0234375 0.060546875
4 0.73359375 0.5390625 0.0265625 0.12109375
4 0.70390625 0.564453125 0.0265625 0.078125
4 0.590625 0.56640625 0.025 0.07421875
4 0.5640625 0.5498046875 0.028125 0.103515625
4 0.82265625 0.5498046875 0.0265625 0.083984375
4 0.8796875 0.5830078125 0.03125 0.064453125
4 0.83203125 0.5751953125 0.0265625 0.052734375