0 0.05703125 0.5283203125 0.0515625 0.087890625
0 0.19296875 0.4921875 0.0203125 0.0625
0 0.23046875 0.4814453125 0.0328125 0.052734375
1 0.55078125 0.4501953125 0.0453125 0.041015625
1 0.26796875 0.44921875 0.0515625 0.0703125
4 0.0625 0.470703125 0.040625 0.09765625
4 0.1921875 0.447265625 0.03125 0.06640625
4 0.23203125 0.4384765625 0.0265625 0.044921875
4 0.31875 0.4521484375 0.01875 0.044921875
4 0.334375 0.451171875 0.01875 0.046875
0 0.334375 0.4677734375 0.015625 0.029296875
0 0.31953125 0.4697265625 0.0109375 0.029296875