0 0.36640625 0.5341796875 0.0203125 0.072265625
4 0.3640625 0.498046875 0.0375 0.1484375
4 0.4234375 0.474609375 0.028125 0.125
4 0.715625 0.478515625 0.046875 0.17578125
4 0.76796875 0.482421875 0.0515625 0.16796875
1 0.8109375 0.462890625 0.065625 0.07421875
1 0.9265625 0.44921875 0.14375 0.1484375
1 0.9515625 0.48828125 0.09375 0.12890625
4 0.55234375 0.4580078125 0.0203125 0.044921875
4 0.60390625 0.4599609375 0.0203125 0.052734375
4 0.61953125 0.4599609375 0.0203125 0.060546875
4 0.63125 0.4609375 0.01875 0.05859375
1 0.6421875 0.4462890625 0.025 0.029296875
4 0.171875 0.48046875 0.01875 0.04296875
4 0.12734375 0.48828125 0.0203125 0.03125
4 0.1140625 0.4912109375 0.01875 0.052734375