4 0.99140625 0.4521484375 0.0140625 0.107421875
4 0.9625 0.4521484375 0.03125 0.107421875
4 0.8921875 0.458984375 0.034375 0.10546875
4 0.68046875 0.4462890625 0.0203125 0.076171875
4 0.64609375 0.4375 0.0140625 0.04296875
1 0.5984375 0.4599609375 0.096875 0.103515625
1 0.53515625 0.44921875 0.0359375 0.0390625
1 0.46875 0.4462890625 0.028125 0.029296875
1 0.415625 0.4404296875 0.021875 0.025390625
1 0.3671875 0.4482421875 0.059375 0.060546875
1 0.2234375 0.4931640625 0.184375 0.154296875
1 0.0125 0.5068359375 0.025 0.107421875