1 0.5203125 0.5751953125 0.1625 0.166015625
1 0.31875 0.517578125 0.0625 0.0625
1 0.36015625 0.5166015625 0.0265625 0.052734375
1 0.44296875 0.5146484375 0.0484375 0.052734375
4 0.825 0.50390625 0.025 0.06640625
4 0.803125 0.5068359375 0.021875 0.068359375
0 0.7421875 0.5703125 0.0875 0.06640625
4 0.1125 0.5234375 0.01875 0.08984375
4 0.096875 0.5302734375 0.01875 0.091796875
4 0.57890625 0.509765625 0.0234375 0.05078125
4 0.6625 0.4970703125 0.01875 0.033203125
4 0.27109375 0.50390625 0.0234375 0.03125
4 0.6890625 0.5 0.021875 0.046875