1 0.0609375 0.5986328125 0.11875 0.271484375
1 0.16015625 0.541015625 0.1328125 0.15625
1 0.240625 0.5234375 0.071875 0.12109375
4 0.14921875 0.58203125 0.0453125 0.19140625
4 0.2953125 0.5068359375 0.053125 0.126953125
0 0.2984375 0.55859375 0.0375 0.09375
0 0.4359375 0.6513671875 0.03125 0.138671875
4 0.42890625 0.578125 0.0734375 0.25
4 0.609375 0.59375 0.0875 0.234375
1 0.87578125 0.7646484375 0.2421875 0.373046875
1 0.78828125 0.6083984375 0.2421875 0.228515625
1 0.71015625 0.541015625 0.1328125 0.14453125
1 0.34765625 0.482421875 0.0484375 0.05859375
1 0.1421875 0.4560546875 0.053125 0.037109375
1 0.38515625 0.4658203125 0.0421875 0.052734375
1 0.59296875 0.48828125 0.0609375 0.06640625
1 0.57421875 0.470703125 0.0578125 0.07421875
1 0.5421875 0.4560546875 0.034375 0.044921875
1 0.653125 0.4599609375 0.10625 0.044921875
1 0.7640625 0.4501953125 0.09375 0.064453125
1 0.7875 0.45703125 0.0875 0.046875