4 0.03515625 0.458984375 0.0453125 0.13671875
4 0.07265625 0.46875 0.0484375 0.1171875
4 0.2546875 0.4189453125 0.028125 0.037109375
4 0.30703125 0.451171875 0.0203125 0.05859375
4 0.5984375 0.455078125 0.01875 0.046875
1 0.61640625 0.4765625 0.0296875 0.06640625
4 0.4890625 0.4541015625 0.01875 0.037109375
4 0.55859375 0.4521484375 0.0140625 0.029296875
1 0.65 0.4892578125 0.090625 0.087890625
4 0.715625 0.470703125 0.021875 0.0546875
4 0.3296875 0.45703125 0.01875 0.0625
4 0.35 0.451171875 0.01875 0.046875
4 0.3625 0.453125 0.01875 0.05078125
4 0.4046875 0.443359375 0.01875 0.03125
4 0.4140625 0.4462890625 0.01875 0.033203125
4 0.54765625 0.4521484375 0.0109375 0.029296875
4 0.540625 0.4541015625 0.0125 0.037109375
4 0.69375 0.46484375 0.0125 0.0546875
4 0.68203125 0.453125 0.0203125 0.04296875
1 0.9765625 0.783203125 0.040625 0.33203125