1 0.078125 0.5986328125 0.15625 0.244140625
1 0.215625 0.5244140625 0.146875 0.154296875
1 0.3015625 0.5107421875 0.059375 0.103515625
1 0.33203125 0.5009765625 0.0296875 0.068359375
1 0.4140625 0.462890625 0.05 0.046875
1 0.43671875 0.4599609375 0.0296875 0.037109375
1 0.46484375 0.4501953125 0.0546875 0.041015625
1 0.59453125 0.4658203125 0.0484375 0.056640625
1 0.80859375 0.626953125 0.2703125 0.1953125
1 0.92578125 0.7353515625 0.1453125 0.337890625
1 0.95625 0.47265625 0.084375 0.05859375
1 0.825 0.4501953125 0.1375 0.076171875
1 0.72890625 0.4521484375 0.0484375 0.060546875
1 0.51171875 0.443359375 0.0203125 0.02734375
1 0.53359375 0.4423828125 0.0234375 0.029296875