1 0.14296875 0.595703125 0.2265625 0.16015625
1 0.23828125 0.5546875 0.1171875 0.12109375
1 0.303125 0.5234375 0.08125 0.109375
1 0.371875 0.5 0.08125 0.06640625
1 0.5046875 0.46484375 0.05625 0.046875
1 0.6453125 0.494140625 0.084375 0.0703125
1 0.725 0.544921875 0.0875 0.1015625
1 0.85625 0.607421875 0.24375 0.20703125
1 0.421875 0.484375 0.0375 0.05078125
4 0.44375 0.4716796875 0.01875 0.044921875
1 0.24375 0.4609375 0.0875 0.04296875
1 0.22734375 0.4755859375 0.0609375 0.037109375
1 0.17265625 0.48046875 0.0515625 0.0625
1 0.95859375 0.46875 0.0796875 0.0703125
1 0.92109375 0.4853515625 0.0921875 0.060546875
1 0.8625 0.478515625 0.084375 0.046875
1 0.60234375 0.4716796875 0.0453125 0.044921875