0 0.78515625 0.59375 0.0828125 0.09375
0 0.88828125 0.58203125 0.0921875 0.12890625
0 0.503125 0.556640625 0.103125 0.1640625
0 0.396875 0.5703125 0.071875 0.12109375
0 0.26875 0.56640625 0.05625 0.07421875
0 0.2796875 0.5048828125 0.040625 0.068359375
0 0.203125 0.56640625 0.05 0.07421875
0 0.1546875 0.5244140625 0.03125 0.056640625
4 0.8359375 0.5234375 0.078125 0.1875
4 0.446875 0.4931640625 0.115625 0.251953125
4 0.275 0.4482421875 0.05625 0.134765625
4 0.22734375 0.490234375 0.0578125 0.18359375
4 0.15390625 0.478515625 0.0421875 0.09375
1 0.18203125 0.4736328125 0.0546875 0.076171875
1 0.0421875 0.501953125 0.084375 0.12109375
1 0.5484375 0.478515625 0.08125 0.08203125
1 0.3546875 0.470703125 0.046875 0.05078125
1 0.32109375 0.484375 0.0671875 0.0625