0 0.71953125 0.5576171875 0.0453125 0.146484375
0 0.67109375 0.5673828125 0.0328125 0.103515625
0 0.5703125 0.53515625 0.028125 0.078125
0 0.53359375 0.5556640625 0.0359375 0.107421875
0 0.41328125 0.48046875 0.0265625 0.0859375
4 0.6875 0.4765625 0.090625 0.2421875
4 0.5640625 0.4453125 0.05 0.12109375
4 0.5328125 0.48828125 0.06875 0.203125
4 0.415625 0.4345703125 0.04375 0.126953125
4 0.36171875 0.4375 0.0296875 0.07421875
4 0.3359375 0.427734375 0.028125 0.08203125
0 0.36171875 0.4755859375 0.0234375 0.041015625
0 0.334375 0.4716796875 0.01875 0.044921875
1 0.07109375 0.4375 0.1046875 0.109375