4 0.25859375 0.6201171875 0.0734375 0.271484375
0 0.26875 0.7080078125 0.04375 0.150390625
1 0.09296875 0.5771484375 0.1859375 0.216796875
1 0.18671875 0.529296875 0.0953125 0.1640625
1 0.309375 0.484375 0.08125 0.09375
1 0.359375 0.482421875 0.04375 0.06640625
1 0.4171875 0.451171875 0.046875 0.04296875
1 0.56171875 0.4599609375 0.0484375 0.044921875
1 0.62265625 0.515625 0.0828125 0.08984375
1 0.7 0.52734375 0.15 0.12109375
1 0.76953125 0.5986328125 0.2203125 0.162109375
1 0.90078125 0.7119140625 0.1921875 0.302734375
1 0.67265625 0.4365234375 0.0328125 0.044921875
1 0.45 0.4453125 0.01875 0.03125
1 0.45546875 0.4404296875 0.0328125 0.033203125
1 0.48046875 0.44140625 0.0265625 0.0234375