4 0.959375 0.484375 0.04375 0.140625
4 0.89453125 0.4951171875 0.0359375 0.134765625
4 0.8125 0.48046875 0.03125 0.10546875
4 0.703125 0.4765625 0.025 0.0625
4 0.6859375 0.4697265625 0.0125 0.048828125
4 0.675 0.4658203125 0.009375 0.056640625
4 0.659375 0.4775390625 0.0125 0.041015625
4 0.64453125 0.4755859375 0.0140625 0.060546875
4 0.615625 0.474609375 0.01875 0.0625
4 0.54765625 0.4794921875 0.0171875 0.044921875
1 0.4046875 0.4853515625 0.071875 0.083984375
1 0.3625 0.4765625 0.021875 0.03125
1 0.34140625 0.478515625 0.0234375 0.03125
1 0.3046875 0.486328125 0.053125 0.0546875
4 0.13125 0.4931640625 0.0125 0.056640625
4 0.12421875 0.4951171875 0.0171875 0.052734375