4 0.40546875 0.46484375 0.0203125 0.0625
1 0.93515625 0.7900390625 0.1265625 0.318359375
1 0.853125 0.6494140625 0.290625 0.248046875
1 0.6703125 0.5380859375 0.140625 0.123046875
1 0.61875 0.4931640625 0.071875 0.095703125
1 0.321875 0.4912109375 0.06875 0.072265625
1 0.27734375 0.513671875 0.0953125 0.09375
1 0.55 0.45703125 0.04375 0.046875
1 0.57109375 0.4765625 0.0359375 0.0546875
1 0.5 0.435546875 0.021875 0.02734375
1 0.453125 0.44140625 0.021875 0.0234375
1 0.3203125 0.4345703125 0.040625 0.041015625