0 0.2125 0.51171875 0.021875 0.05078125
0 0.3609375 0.4892578125 0.01875 0.044921875
4 0.17421875 0.458984375 0.0171875 0.0546875
4 0.24453125 0.462890625 0.0171875 0.05859375
1 0.4984375 0.5185546875 0.19375 0.181640625
1 0.63359375 0.4814453125 0.0890625 0.076171875
0 0.7203125 0.505859375 0.03125 0.10546875
0 0.7890625 0.50390625 0.040625 0.1015625
0 0.96015625 0.52734375 0.0453125 0.125
0 0.01640625 0.5078125 0.0328125 0.08984375
0 0.91640625 0.515625 0.0484375 0.14453125
4 0.3609375 0.447265625 0.021875 0.0390625
4 0.34296875 0.4609375 0.0171875 0.05078125
4 0.32421875 0.46484375 0.0234375 0.0703125
4 0.2078125 0.45703125 0.03125 0.0625
4 0.1609375 0.443359375 0.015625 0.03125
0 0.6921875 0.5185546875 0.028125 0.052734375