4 0.8140625 0.501953125 0.01875 0.10546875
4 0.8328125 0.501953125 0.028125 0.09765625
4 0.68359375 0.47265625 0.0265625 0.078125
4 0.71328125 0.466796875 0.0234375 0.07421875
4 0.64609375 0.470703125 0.0296875 0.07421875
4 0.31640625 0.46484375 0.0203125 0.05859375
4 0.39140625 0.470703125 0.0234375 0.0546875
4 0.30390625 0.4609375 0.0140625 0.05078125
0 0.390625 0.4873046875 0.021875 0.041015625
1 0.54375 0.4638671875 0.028125 0.029296875
4 0.36484375 0.462890625 0.0140625 0.04296875
4 0.87421875 0.5087890625 0.0203125 0.091796875