4 0.82109375 0.466796875 0.0234375 0.046875
4 0.41484375 0.45703125 0.0203125 0.05078125
4 0.18828125 0.4462890625 0.0203125 0.072265625
4 0.21484375 0.4453125 0.0203125 0.0703125
4 0.7 0.4677734375 0.015625 0.044921875
1 0.91953125 0.62109375 0.1515625 0.24609375
1 0.8109375 0.55859375 0.159375 0.12890625
1 0.5453125 0.4599609375 0.040625 0.041015625
1 0.6171875 0.4736328125 0.0375 0.037109375
4 0.471875 0.4521484375 0.009375 0.029296875
4 0.3171875 0.443359375 0.01875 0.0234375
4 0.33203125 0.44921875 0.0203125 0.03125
4 0.34375 0.4453125 0.01875 0.0234375