1 0.95546875 0.51171875 0.0859375 0.12890625
1 0.74453125 0.484375 0.0703125 0.0546875
4 0.6734375 0.4716796875 0.0125 0.037109375
1 0.5875 0.470703125 0.046875 0.046875
1 0.55234375 0.451171875 0.0140625 0.0234375
1 0.48203125 0.4765625 0.0921875 0.09375
1 0.4265625 0.462890625 0.021875 0.03515625
1 0.30625 0.4814453125 0.071875 0.041015625
1 0.24296875 0.4716796875 0.0484375 0.041015625
4 0.203125 0.46875 0.01875 0.05078125
4 0.15546875 0.4580078125 0.0203125 0.025390625
4 0.15390625 0.4912109375 0.0234375 0.037109375
4 0.1328125 0.4755859375 0.01875 0.060546875
4 0.11875 0.4697265625 0.015625 0.052734375
4 0.0875 0.484375 0.021875 0.0703125
4 0.05625 0.48046875 0.01875 0.0625
1 0.01796875 0.4775390625 0.0359375 0.068359375