4 0.2203125 0.4267578125 0.021875 0.072265625
4 0.26953125 0.4716796875 0.0578125 0.130859375
0 0.26640625 0.50390625 0.0484375 0.09765625
4 0.7390625 0.4296875 0.025 0.078125
4 0.81484375 0.4560546875 0.0328125 0.119140625
4 0.8359375 0.4482421875 0.025 0.126953125
4 0.9421875 0.439453125 0.0375 0.0859375
1 0.56640625 0.435546875 0.0328125 0.03515625
1 0.43125 0.4267578125 0.025 0.041015625
1 0.44765625 0.4306640625 0.0203125 0.033203125
1 0.45546875 0.427734375 0.0203125 0.03125
0 0.059375 0.455078125 0.028125 0.0390625
4 0.48515625 0.4248046875 0.0140625 0.029296875
4 0.50078125 0.4248046875 0.0140625 0.029296875