1 0.80859375 0.44921875 0.0640625 0.08984375
1 0.9203125 0.4443359375 0.140625 0.134765625
1 0.94765625 0.48828125 0.0828125 0.1015625
4 0.1140625 0.4912109375 0.01875 0.056640625
4 0.1703125 0.486328125 0.015625 0.05859375
4 0.55234375 0.4599609375 0.0203125 0.052734375
4 0.61484375 0.4697265625 0.0234375 0.064453125
4 0.6375 0.4716796875 0.021875 0.056640625
4 0.6515625 0.47265625 0.025 0.078125
4 0.66328125 0.4716796875 0.0265625 0.072265625
1 0.40859375 0.462890625 0.0359375 0.03125
4 0.3671875 0.4619140625 0.009375 0.029296875
4 0.3625 0.4609375 0.0125 0.02734375
4 0.375 0.466796875 0.009375 0.02734375
1 0.728125 0.45703125 0.040625 0.05859375
4 0.128125 0.48828125 0.01875 0.03125