0 0.82421875 0.572265625 0.0828125 0.140625
0 0.85546875 0.5703125 0.0734375 0.140625
1 0.3921875 0.5048828125 0.025 0.025390625
1 0.4140625 0.501953125 0.01875 0.0234375
0 0.93671875 0.55078125 0.0859375 0.14453125
0 0.97890625 0.609375 0.0390625 0.19921875
0 0.6703125 0.521484375 0.025 0.06640625
0 0.6359375 0.521484375 0.028125 0.0625
0 0.60625 0.51953125 0.028125 0.0625
4 0.58359375 0.509765625 0.0140625 0.05078125
1 0.371875 0.505859375 0.01875 0.03125
1 0.34609375 0.5087890625 0.0359375 0.041015625
0 0.946875 0.57421875 0.0375 0.09375
0 0.115625 0.5712890625 0.040625 0.068359375
0 0.0734375 0.5634765625 0.034375 0.064453125