1 0.94375 0.4619140625 0.109375 0.087890625
1 0.896875 0.4638671875 0.146875 0.091796875
1 0.81328125 0.466796875 0.1484375 0.09765625
1 0.7375 0.4638671875 0.090625 0.068359375
4 0.584375 0.466796875 0.01875 0.03515625
4 0.571875 0.4609375 0.01875 0.046875
4 0.5546875 0.4658203125 0.0125 0.041015625
1 0.5265625 0.453125 0.0375 0.0390625
1 0.40390625 0.427734375 0.0171875 0.0234375
1 0.4046875 0.4453125 0.01875 0.02734375
1 0.38203125 0.4453125 0.0296875 0.03125
1 0.36484375 0.458984375 0.0484375 0.05078125
1 0.321875 0.458984375 0.034375 0.0390625
1 0.2921875 0.4619140625 0.028125 0.044921875
1 0.27265625 0.46484375 0.0265625 0.046875
1 0.23828125 0.466796875 0.0578125 0.0703125
1 0.17734375 0.4677734375 0.0796875 0.083984375
1 0.115625 0.4599609375 0.06875 0.052734375