4 0.90703125 0.4814453125 0.0296875 0.126953125
4 0.87734375 0.478515625 0.0234375 0.109375
4 0.725 0.4697265625 0.01875 0.064453125
4 0.71171875 0.46875 0.0109375 0.0546875
4 0.69453125 0.462890625 0.0203125 0.0625
4 0.68046875 0.4716796875 0.0203125 0.052734375
4 0.6671875 0.470703125 0.01875 0.06640625
4 0.6375 0.46875 0.01875 0.0625
4 0.5609375 0.470703125 0.0125 0.046875
1 0.4421875 0.46875 0.01875 0.0390625
1 0.40546875 0.4775390625 0.0671875 0.083984375
1 0.36328125 0.47265625 0.0234375 0.03125
1 0.33984375 0.474609375 0.0265625 0.03515625
1 0.3 0.482421875 0.059375 0.05859375
4 0.09453125 0.490234375 0.0234375 0.0703125