1 0.7046875 0.513671875 0.09375 0.09765625
4 0.76953125 0.4384765625 0.0265625 0.044921875
4 0.7421875 0.4375 0.021875 0.046875
1 0.51015625 0.4814453125 0.0734375 0.072265625
1 0.1734375 0.4580078125 0.103125 0.095703125
1 0.23359375 0.5029296875 0.1296875 0.119140625
1 0.259375 0.4404296875 0.04375 0.064453125
4 0.128125 0.451171875 0.03125 0.08203125
4 0.09609375 0.451171875 0.0296875 0.0859375
1 0.9171875 0.4814453125 0.078125 0.083984375
1 0.8296875 0.46484375 0.059375 0.05859375
4 0.9875 0.5029296875 0.021875 0.095703125
1 0.48046875 0.45703125 0.0515625 0.0625
1 0.45 0.453125 0.025 0.03125
1 0.29921875 0.439453125 0.0328125 0.046875
1 0.32578125 0.439453125 0.0234375 0.03515625
1 0.809375 0.4931640625 0.1125 0.052734375