1 0.91484375 0.556640625 0.1671875 0.21484375
1 0.86328125 0.50390625 0.2296875 0.22265625
4 0.72109375 0.5283203125 0.0421875 0.205078125
1 0.66875 0.515625 0.075 0.140625
1 0.603125 0.48828125 0.125 0.11328125
1 0.46484375 0.490234375 0.1171875 0.14453125
4 0.33125 0.509765625 0.0625 0.19921875
0 0.3359375 0.5791015625 0.03125 0.107421875
1 0.21796875 0.494140625 0.1390625 0.1328125
1 0.19921875 0.51953125 0.0546875 0.11328125
1 0.09296875 0.5107421875 0.1859375 0.259765625
1 0.6609375 0.484375 0.09375 0.09765625
1 0.09375 0.43359375 0.153125 0.05078125