1 0.83125 0.431640625 0.1125 0.08203125
1 0.7171875 0.4521484375 0.03125 0.052734375
4 0.63828125 0.4580078125 0.0234375 0.087890625
4 0.61484375 0.466796875 0.0234375 0.07421875
4 0.59296875 0.46484375 0.0203125 0.0859375
4 0.57109375 0.447265625 0.0109375 0.05859375
4 0.5421875 0.4609375 0.015625 0.06640625
4 0.5328125 0.4560546875 0.009375 0.044921875
1 0.446875 0.46484375 0.025 0.0234375
1 0.4234375 0.455078125 0.009375 0.015625
1 0.40234375 0.4609375 0.0140625 0.015625
1 0.340625 0.4658203125 0.0375 0.037109375
1 0.31171875 0.46484375 0.0234375 0.04296875
1 0.37578125 0.46484375 0.0109375 0.01953125
1 0.36484375 0.458984375 0.0109375 0.01953125
4 0.13125 0.4765625 0.01875 0.05859375
4 0.95546875 0.4677734375 0.0609375 0.251953125