4 0.7 0.4970703125 0.040625 0.072265625
4 0.66484375 0.4833984375 0.0359375 0.115234375
4 0.62734375 0.4765625 0.0484375 0.140625
1 0.3984375 0.4404296875 0.040625 0.037109375
1 0.44921875 0.46875 0.0203125 0.10546875
4 0.42421875 0.4794921875 0.0421875 0.150390625
4 0.9453125 0.51171875 0.059375 0.1484375
4 0.21953125 0.4697265625 0.0421875 0.087890625
1 0.10234375 0.4677734375 0.0828125 0.080078125
1 0.70703125 0.474609375 0.0828125 0.0703125
1 0.76640625 0.4609375 0.1046875 0.0625
1 0.35078125 0.458984375 0.0296875 0.02734375
4 0.85859375 0.513671875 0.0359375 0.109375