4 0.6515625 0.55859375 0.034375 0.078125
4 0.85234375 0.490234375 0.0359375 0.046875
4 0.94296875 0.49609375 0.0359375 0.1015625
4 0.978125 0.5048828125 0.0375 0.103515625
4 0.184375 0.517578125 0.028125 0.0859375
4 0.57734375 0.5078125 0.0234375 0.06640625
1 0.484375 0.53125 0.09375 0.08984375
1 0.228125 0.5029296875 0.078125 0.091796875
1 0.1484375 0.5166015625 0.05 0.095703125
1 0.06796875 0.5224609375 0.1359375 0.130859375
4 0.3078125 0.484375 0.0125 0.03125
4 0.31875 0.4912109375 0.0125 0.044921875
4 0.70078125 0.4990234375 0.0203125 0.056640625