1 0.9859375 0.4853515625 0.025 0.041015625
1 0.934375 0.4736328125 0.075 0.060546875
1 0.87421875 0.4755859375 0.0234375 0.037109375
1 0.796875 0.47265625 0.11875 0.07421875
1 0.7203125 0.4716796875 0.034375 0.033203125
1 0.63828125 0.482421875 0.0765625 0.0546875
1 0.5953125 0.4736328125 0.021875 0.029296875
1 0.54375 0.4814453125 0.08125 0.044921875
1 0.49609375 0.482421875 0.0921875 0.046875
1 0.39921875 0.4765625 0.0703125 0.078125
1 0.26015625 0.4677734375 0.0515625 0.037109375
1 0.22578125 0.470703125 0.0515625 0.03125
1 0.34765625 0.47265625 0.0328125 0.046875