1 0.9703125 0.6025390625 0.05625 0.150390625
1 0.90234375 0.5458984375 0.1921875 0.224609375
2 0.78125 0.623046875 0.05 0.0859375
1 0.82109375 0.50390625 0.2140625 0.171875
4 0.70546875 0.54296875 0.0671875 0.25
1 0.65234375 0.51171875 0.0640625 0.1796875
4 0.6 0.525390625 0.05625 0.19921875
1 0.559375 0.521484375 0.034375 0.08203125
1 0.52578125 0.5126953125 0.0453125 0.083984375
1 0.4921875 0.49609375 0.03125 0.0546875
1 0.46953125 0.4833984375 0.0234375 0.037109375
1 0.3796875 0.5205078125 0.196875 0.248046875
1 0.27578125 0.4833984375 0.0265625 0.037109375
1 0.26171875 0.521484375 0.0453125 0.09375
1 0.13203125 0.5029296875 0.2640625 0.173828125
1 0.09140625 0.53515625 0.1828125 0.16015625
1 0.046875 0.580078125 0.09375 0.16015625