4 0.79296875 0.4853515625 0.0265625 0.099609375
4 0.76484375 0.484375 0.0328125 0.1171875
4 0.7296875 0.484375 0.03125 0.1015625
1 0.625 0.4580078125 0.121875 0.064453125
1 0.4953125 0.4482421875 0.028125 0.029296875
1 0.43515625 0.4296875 0.0234375 0.0234375
1 0.41328125 0.4521484375 0.0328125 0.033203125
1 0.36328125 0.470703125 0.0515625 0.05078125
1 0.2859375 0.4716796875 0.05625 0.052734375
1 0.2078125 0.478515625 0.065625 0.0703125
1 0.13046875 0.4873046875 0.1046875 0.076171875
1 0.03203125 0.4716796875 0.0640625 0.185546875