1 0.0234375 0.6357421875 0.046875 0.150390625
1 0.1078125 0.578125 0.178125 0.16796875
1 0.23046875 0.5244140625 0.1078125 0.130859375
1 0.3265625 0.4873046875 0.05 0.056640625
1 0.3484375 0.470703125 0.04375 0.05859375
1 0.37734375 0.466796875 0.0265625 0.04296875
1 0.75625 0.60546875 0.259375 0.19921875
1 0.6671875 0.5361328125 0.15 0.154296875
1 0.58828125 0.5009765625 0.0859375 0.087890625
1 0.41171875 0.453125 0.0265625 0.0234375
4 0.440625 0.451171875 0.015625 0.03515625
1 0.46484375 0.4423828125 0.0234375 0.025390625
4 0.48203125 0.4423828125 0.0140625 0.029296875
1 0.87421875 0.45703125 0.0796875 0.0546875
1 0.8390625 0.4921875 0.06875 0.078125
4 0.58671875 0.4404296875 0.0203125 0.025390625
1 0.5453125 0.4736328125 0.040625 0.052734375
1 0.28671875 0.5068359375 0.0578125 0.072265625
1 0.5203125 0.458984375 0.028125 0.03515625
1 0.5125 0.447265625 0.034375 0.0390625