4 0.709375 0.462890625 0.025 0.046875
1 0.60234375 0.455078125 0.0546875 0.04296875
1 0.56796875 0.4423828125 0.0265625 0.033203125
1 0.5609375 0.4248046875 0.0375 0.044921875
1 0.5359375 0.4326171875 0.021875 0.033203125
1 0.51953125 0.435546875 0.0203125 0.02734375
4 0.5609375 0.5048828125 0.059375 0.134765625
1 0.4703125 0.439453125 0.015625 0.015625
1 0.409375 0.43359375 0.034375 0.0390625
4 0.5015625 0.51953125 0.01875 0.03125
4 0.37578125 0.451171875 0.0171875 0.08984375
1 0.3265625 0.466796875 0.084375 0.09765625
1 0.06796875 0.6162109375 0.1359375 0.255859375