0 0.03203125 0.5810546875 0.0578125 0.107421875
0 0.10859375 0.5595703125 0.0546875 0.130859375
4 0.03359375 0.515625 0.0609375 0.1796875
4 0.11796875 0.5048828125 0.0703125 0.185546875
1 0.17109375 0.5009765625 0.0578125 0.095703125
1 0.2125 0.4873046875 0.08125 0.091796875
1 0.2828125 0.478515625 0.065625 0.05859375
1 0.31484375 0.4658203125 0.0546875 0.052734375
1 0.63359375 0.4599609375 0.0765625 0.068359375
1 0.7328125 0.484375 0.084375 0.10546875
1 0.65078125 0.5 0.0328125 0.07421875
4 0.90546875 0.5771484375 0.0765625 0.322265625
4 0.49453125 0.4541015625 0.0140625 0.029296875
4 0.478125 0.453125 0.0125 0.03515625
4 0.4078125 0.45703125 0.015625 0.03515625
4 0.37578125 0.462890625 0.0234375 0.046875
1 0.34921875 0.46875 0.0234375 0.04296875
1 0.4421875 0.4560546875 0.025 0.029296875
1 0.5828125 0.455078125 0.03125 0.04296875
1 0.60234375 0.4609375 0.0296875 0.05078125
1 0.95625 0.515625 0.084375 0.15234375