4 0.01484375 0.458984375 0.0296875 0.15234375
4 0.07890625 0.439453125 0.0546875 0.1484375
0 0.01171875 0.5166015625 0.0203125 0.076171875
0 0.08203125 0.4921875 0.0453125 0.0703125
1 0.846875 0.4970703125 0.2125 0.119140625
1 0.721875 0.4638671875 0.109375 0.091796875
1 0.3546875 0.447265625 0.021875 0.02734375
1 0.42578125 0.44921875 0.0203125 0.0234375
4 0.2453125 0.44921875 0.025 0.0703125
4 0.17734375 0.4453125 0.0265625 0.0703125
0 0.24609375 0.478515625 0.0234375 0.03515625
0 0.17734375 0.4892578125 0.0265625 0.037109375