1 0.57265625 0.46875 0.1078125 0.109375
1 0.5125 0.4580078125 0.046875 0.060546875
1 0.15703125 0.486328125 0.0953125 0.08203125
1 0.2171875 0.4775390625 0.053125 0.060546875
1 0.24921875 0.46875 0.0484375 0.0625
1 0.28046875 0.46875 0.0140625 0.04296875
1 0.3484375 0.46875 0.053125 0.0546875
1 0.3109375 0.466796875 0.028125 0.0390625
1 0.484375 0.4638671875 0.025 0.041015625
1 0.4640625 0.458984375 0.021875 0.03125
1 0.4484375 0.4541015625 0.0125 0.021484375
4 0.0875 0.462890625 0.01875 0.0390625
1 0.05859375 0.466796875 0.0296875 0.0390625
1 0.1046875 0.45703125 0.015625 0.03515625
1 0.02890625 0.4619140625 0.0265625 0.052734375