1 0.11328125 0.51171875 0.2234375 0.2421875
1 0.28125 0.490234375 0.075 0.0703125
1 0.33125 0.47265625 0.05 0.0546875
1 0.59609375 0.48046875 0.0515625 0.0859375
1 0.7625 0.49609375 0.08125 0.12890625
1 0.67734375 0.5029296875 0.0359375 0.091796875
4 0.96484375 0.525390625 0.0609375 0.19921875
4 0.8078125 0.5146484375 0.059375 0.138671875
4 0.71015625 0.5 0.0578125 0.12890625
4 0.634375 0.4921875 0.0375 0.11328125
0 0.97265625 0.6181640625 0.0359375 0.103515625
0 0.83046875 0.580078125 0.0265625 0.0859375
0 0.8 0.572265625 0.025 0.078125
0 0.7140625 0.5576171875 0.04375 0.072265625
0 0.634375 0.5390625 0.03125 0.06640625