1 0.078125 0.48828125 0.146875 0.1171875
0 0.21796875 0.5166015625 0.0328125 0.060546875
0 0.31953125 0.4921875 0.0171875 0.046875
4 0.47421875 0.46484375 0.0234375 0.1015625
4 0.01328125 0.45703125 0.0234375 0.0625
1 0.82421875 0.4609375 0.0703125 0.1328125
0 0.7 0.4697265625 0.0625 0.048828125
0 0.6546875 0.4736328125 0.025 0.041015625
4 0.3203125 0.447265625 0.021875 0.05078125
4 0.30390625 0.462890625 0.0203125 0.0546875
4 0.215625 0.4462890625 0.034375 0.083984375
4 0.371875 0.4775390625 0.0125 0.029296875