4 0.603125 0.4912109375 0.028125 0.087890625
4 0.64140625 0.49609375 0.0203125 0.07421875
4 0.6859375 0.4873046875 0.01875 0.068359375
4 0.8203125 0.498046875 0.028125 0.08203125
4 0.87265625 0.4912109375 0.0296875 0.068359375
4 0.73671875 0.48828125 0.0296875 0.046875
4 0.27578125 0.4775390625 0.0265625 0.087890625
4 0.253125 0.4755859375 0.025 0.083984375
4 0.3515625 0.4775390625 0.015625 0.048828125
4 0.37578125 0.48046875 0.0203125 0.0546875
4 0.93984375 0.48046875 0.0265625 0.04296875
1 0.9078125 0.634765625 0.178125 0.28515625
1 0.575 0.4775390625 0.04375 0.029296875
4 0.665625 0.482421875 0.015625 0.046875
4 0.65625 0.4814453125 0.015625 0.041015625
4 0.76875 0.4892578125 0.025 0.041015625
4 0.96796875 0.4833984375 0.0234375 0.033203125
4 0.71015625 0.48828125 0.0203125 0.05859375