1 0.03671875 0.5341796875 0.0734375 0.169921875
1 0.075 0.458984375 0.14375 0.10546875
1 0.1890625 0.470703125 0.0375 0.046875
1 0.31796875 0.46484375 0.0421875 0.0390625
1 0.42578125 0.46484375 0.0328125 0.03515625
1 0.7234375 0.5390625 0.196875 0.1875
1 0.83828125 0.625 0.3203125 0.26953125
1 0.9046875 0.783203125 0.184375 0.4296875
4 0.56875 0.484375 0.03125 0.05078125
1 0.86796875 0.46875 0.1421875 0.07421875
1 0.4625 0.4677734375 0.0375 0.037109375
1 0.12265625 0.4619140625 0.1046875 0.087890625
4 0.3890625 0.46484375 0.021875 0.0546875
4 0.3765625 0.4638671875 0.01875 0.052734375
4 0.36484375 0.4638671875 0.0203125 0.052734375
4 0.403125 0.46484375 0.01875 0.046875