4 0.6 0.5087890625 0.096875 0.208984375
4 0.30703125 0.4697265625 0.0359375 0.076171875
4 0.26953125 0.482421875 0.0453125 0.09765625
4 0.21640625 0.4873046875 0.0671875 0.169921875
4 0.19921875 0.4560546875 0.0328125 0.068359375
1 0.1640625 0.48046875 0.065625 0.08984375
1 0.54375 0.4765625 0.06875 0.078125
1 0.0421875 0.4990234375 0.084375 0.115234375
0 0.9640625 0.6494140625 0.06875 0.138671875
0 0.65078125 0.552734375 0.1046875 0.1484375
0 0.54296875 0.578125 0.0703125 0.09375
0 0.3046875 0.4990234375 0.025 0.056640625
0 0.26640625 0.51953125 0.0328125 0.0625
0 0.22109375 0.53515625 0.0578125 0.12109375
1 0.37421875 0.474609375 0.0484375 0.04296875
1 0.50859375 0.4814453125 0.0234375 0.044921875
1 0.4984375 0.4765625 0.028125 0.04296875
1 0.40390625 0.46875 0.0265625 0.03125