4 0.4546875 0.4619140625 0.021875 0.044921875
4 0.56953125 0.46875 0.0234375 0.0625
1 0.909375 0.708984375 0.16875 0.421875
1 0.74765625 0.5234375 0.1703125 0.15625
1 0.659375 0.51171875 0.0625 0.1015625
1 0.6125 0.484375 0.040625 0.05859375
1 0.37578125 0.4794921875 0.0703125 0.068359375
1 0.64375 0.4912109375 0.059375 0.095703125
1 0.0375 0.4951171875 0.071875 0.115234375
4 0.4859375 0.4560546875 0.01875 0.037109375
4 0.44453125 0.4599609375 0.0203125 0.052734375
1 0.2640625 0.4931640625 0.14375 0.123046875
1 0.5328125 0.4521484375 0.021875 0.029296875