1 0.39765625 0.466796875 0.0859375 0.0625
1 0.54296875 0.46875 0.0265625 0.04296875
1 0.57890625 0.4794921875 0.0671875 0.068359375
4 0.60859375 0.4599609375 0.0203125 0.060546875
4 0.7296875 0.484375 0.04375 0.1171875
4 0.6984375 0.4921875 0.059375 0.125
4 0.98515625 0.451171875 0.0234375 0.0546875
4 0.8421875 0.447265625 0.025 0.02734375
4 0.08125 0.4375 0.021875 0.03125
4 0.06328125 0.439453125 0.0234375 0.02734375
4 0.03984375 0.4384765625 0.0265625 0.029296875
4 0.44453125 0.44921875 0.0140625 0.0390625
1 0.5171875 0.4521484375 0.021875 0.025390625
1 0.471875 0.4453125 0.028125 0.0234375