4 0.46953125 0.4736328125 0.0453125 0.130859375
4 0.5921875 0.474609375 0.04375 0.140625
4 0.62734375 0.47265625 0.0296875 0.1015625
4 0.65234375 0.4873046875 0.0265625 0.068359375
4 0.86875 0.4990234375 0.05 0.123046875
4 0.915625 0.5029296875 0.05 0.134765625
4 0.26484375 0.4609375 0.0234375 0.078125
1 0.41328125 0.44140625 0.0734375 0.05078125
1 0.35 0.455078125 0.025 0.0234375
4 0.9609375 0.490234375 0.0375 0.078125
4 0.796875 0.5048828125 0.0375 0.091796875
1 0.11953125 0.4638671875 0.0734375 0.076171875
1 0.67421875 0.4697265625 0.0640625 0.072265625