1 0.97734375 0.60546875 0.0421875 0.12890625
1 0.69765625 0.4775390625 0.0578125 0.068359375
1 0.6828125 0.470703125 0.065625 0.05859375
1 0.503125 0.45703125 0.03125 0.0390625
1 0.08046875 0.58984375 0.1609375 0.17578125
1 0.2546875 0.5205078125 0.09375 0.087890625
1 0.29921875 0.4990234375 0.0609375 0.064453125
4 0.54140625 0.482421875 0.0203125 0.08203125
4 0.525 0.470703125 0.01875 0.06640625
1 0.80546875 0.51953125 0.1234375 0.10546875
1 0.33046875 0.490234375 0.0328125 0.046875
1 0.34609375 0.4833984375 0.0328125 0.044921875
1 0.371875 0.46875 0.040625 0.046875
1 0.64296875 0.4697265625 0.0453125 0.052734375
4 0.4265625 0.45703125 0.01875 0.0390625