4 0.5 0.494140625 0.040625 0.11328125
4 0.39375 0.4892578125 0.028125 0.099609375
4 0.37578125 0.484375 0.0265625 0.10546875
4 0.3328125 0.4736328125 0.034375 0.095703125
4 0.29765625 0.474609375 0.0296875 0.08984375
4 0.2390625 0.4658203125 0.025 0.072265625
4 0.209375 0.458984375 0.025 0.0859375
4 0.17265625 0.50390625 0.0578125 0.15625
0 0.17265625 0.568359375 0.0515625 0.12109375
1 0.55703125 0.4755859375 0.0578125 0.060546875
1 0.43671875 0.46875 0.0578125 0.05859375
1 0.75234375 0.4501953125 0.0671875 0.033203125
1 0.61875 0.4609375 0.0625 0.03515625