1 0.08203125 0.560546875 0.1640625 0.28125
0 0.58125 0.6064453125 0.046875 0.193359375
0 0.44453125 0.6025390625 0.0390625 0.169921875
0 0.35078125 0.5205078125 0.0171875 0.072265625
0 0.80859375 0.5703125 0.0640625 0.19140625
0 0.96328125 0.671875 0.0703125 0.1875
4 0.93671875 0.46484375 0.0328125 0.0546875
4 0.909375 0.4658203125 0.03125 0.052734375
4 0.8421875 0.455078125 0.03125 0.046875
4 0.7359375 0.4599609375 0.021875 0.041015625
4 0.984375 0.4609375 0.028125 0.0546875
0 0.73203125 0.5283203125 0.0921875 0.107421875
0 0.67421875 0.515625 0.0234375 0.09765625
0 0.65390625 0.5244140625 0.0296875 0.091796875
0 0.91328125 0.5576171875 0.0828125 0.083984375
4 0.775 0.4560546875 0.021875 0.037109375
4 0.628125 0.4833984375 0.01875 0.056640625
4 0.5765625 0.427734375 0.08125 0.1796875
4 0.44296875 0.4453125 0.0671875 0.15234375
4 0.34921875 0.4501953125 0.0328125 0.072265625
4 0.48828125 0.4619140625 0.0140625 0.041015625