1 0.9328125 0.625 0.13125 0.37109375
1 0.8125 0.5380859375 0.334375 0.275390625
1 0.65 0.498046875 0.1375 0.16015625
1 0.578125 0.4775390625 0.090625 0.130859375
1 0.4828125 0.4599609375 0.034375 0.037109375
1 0.475 0.447265625 0.040625 0.0390625
1 0.45 0.44140625 0.01875 0.02734375
1 0.40625 0.4375 0.01875 0.02734375
1 0.39375 0.443359375 0.009375 0.015625
1 0.37734375 0.453125 0.0359375 0.04296875
1 0.3515625 0.455078125 0.021875 0.02734375
1 0.309375 0.43359375 0.01875 0.0234375
1 0.2875 0.431640625 0.028125 0.03515625
1 0.2734375 0.4365234375 0.021875 0.029296875
1 0.2359375 0.4365234375 0.040625 0.029296875
1 0.20859375 0.4365234375 0.0203125 0.025390625
1 0.1921875 0.4921875 0.046875 0.1015625
1 0.18984375 0.4287109375 0.0328125 0.025390625
4 0.14296875 0.4716796875 0.0421875 0.123046875
0 0.14375 0.5380859375 0.046875 0.064453125
1 0.06875 0.505859375 0.103125 0.14453125