4 0.921875 0.548828125 0.040625 0.12109375
4 0.6421875 0.509765625 0.0375 0.140625
4 0.66953125 0.4892578125 0.0203125 0.068359375
0 0.63984375 0.5634765625 0.0234375 0.083984375
1 0.40625 0.486328125 0.06875 0.0625
1 0.47578125 0.4716796875 0.0265625 0.025390625
1 0.09453125 0.4697265625 0.0765625 0.056640625
1 0.04296875 0.5205078125 0.0765625 0.103515625
1 0.1453125 0.470703125 0.046875 0.05078125
1 0.2078125 0.46875 0.040625 0.04296875
1 0.54453125 0.474609375 0.0328125 0.0234375
4 0.62578125 0.4765625 0.0203125 0.05859375
4 0.27265625 0.470703125 0.0171875 0.05078125
4 0.28984375 0.4716796875 0.0203125 0.052734375
4 0.3140625 0.4638671875 0.015625 0.052734375
4 0.32578125 0.4658203125 0.0171875 0.052734375
4 0.6078125 0.4765625 0.015625 0.03515625