1 0.78203125 0.48046875 0.0828125 0.0625
4 0.71171875 0.462890625 0.0140625 0.03515625
1 0.65859375 0.462890625 0.0296875 0.03125
1 0.6109375 0.46875 0.053125 0.05859375
1 0.57109375 0.451171875 0.0296875 0.02734375
1 0.5 0.46875 0.103125 0.1015625
1 0.43203125 0.466796875 0.0296875 0.04296875
1 0.31640625 0.4814453125 0.0390625 0.048828125
4 0.290625 0.4619140625 0.015625 0.037109375
4 0.2125 0.46875 0.01875 0.046875
4 0.19140625 0.466796875 0.0203125 0.04296875
4 0.17890625 0.466796875 0.0203125 0.05078125
4 0.125 0.45703125 0.01875 0.02734375
4 0.11640625 0.4951171875 0.0265625 0.052734375
4 0.1015625 0.4609375 0.021875 0.03125
4 0.08203125 0.458984375 0.0203125 0.03125
4 0.071875 0.45703125 0.01875 0.02734375
4 0.05078125 0.4609375 0.0203125 0.03515625
4 0.02421875 0.4599609375 0.0203125 0.029296875
4 0.08359375 0.501953125 0.0234375 0.046875
4 0.065625 0.505859375 0.021875 0.0390625
4 0.0234375 0.5029296875 0.021875 0.037109375