4 0.921875 0.5263671875 0.06875 0.279296875
4 0.8015625 0.51953125 0.0625 0.2421875
1 0.8546875 0.4912109375 0.040625 0.037109375
1 0.74375 0.4873046875 0.025 0.044921875
1 0.71484375 0.4912109375 0.0359375 0.048828125
1 0.64453125 0.4736328125 0.0859375 0.068359375
1 0.57578125 0.4736328125 0.0421875 0.076171875
1 0.50546875 0.478515625 0.0328125 0.04296875
1 0.47109375 0.478515625 0.0296875 0.0390625
1 0.4421875 0.4697265625 0.028125 0.033203125
1 0.25390625 0.48046875 0.0453125 0.046875
1 0.21015625 0.4873046875 0.0421875 0.068359375
1 0.3484375 0.5185546875 0.215625 0.150390625
1 0.096875 0.5244140625 0.19375 0.169921875