4 0.95546875 0.6669921875 0.0796875 0.271484375
0 0.9453125 0.78515625 0.090625 0.19921875
0 0.73984375 0.5888671875 0.0328125 0.095703125
4 0.95078125 0.4970703125 0.0359375 0.064453125
4 0.90859375 0.4892578125 0.0421875 0.072265625
4 0.5734375 0.4580078125 0.01875 0.056640625
4 0.5578125 0.4580078125 0.01875 0.060546875
4 0.11484375 0.474609375 0.0234375 0.078125
4 0.08828125 0.4755859375 0.0265625 0.087890625
1 0.64765625 0.49609375 0.1046875 0.078125
4 0.73671875 0.529296875 0.0546875 0.1328125
1 0.8875 0.587890625 0.1 0.140625
1 0.828125 0.548828125 0.13125 0.16796875
1 0.42109375 0.451171875 0.0546875 0.03515625
1 0.45390625 0.4677734375 0.0546875 0.052734375
1 0.51015625 0.46875 0.0515625 0.05859375
1 0.3125 0.439453125 0.034375 0.02734375
4 0.3640625 0.44921875 0.0125 0.0390625
4 0.353125 0.44921875 0.015625 0.0390625