1 0.5328125 0.5693359375 0.40625 0.189453125
1 0.6140625 0.4599609375 0.071875 0.087890625
1 0.459375 0.443359375 0.065625 0.05859375
1 0.27578125 0.439453125 0.0703125 0.06640625
1 0.18203125 0.4306640625 0.0984375 0.087890625
4 0.12734375 0.4384765625 0.0265625 0.076171875
4 0.0875 0.4326171875 0.021875 0.072265625
4 0.91640625 0.4541015625 0.0421875 0.123046875
4 0.8703125 0.41015625 0.040625 0.05078125
4 0.83671875 0.4541015625 0.0453125 0.115234375
1 0.79609375 0.4306640625 0.0515625 0.056640625
1 0.73515625 0.427734375 0.0421875 0.0625
4 0.68984375 0.40234375 0.0203125 0.03515625
1 0.43359375 0.421875 0.0515625 0.0546875
1 0.40625 0.41796875 0.021875 0.03125
1 0.69296875 0.4384765625 0.0828125 0.052734375
1 0.2390625 0.41796875 0.0375 0.0703125