1 0.04140625 0.599609375 0.0828125 0.09765625
1 0.38515625 0.6201171875 0.5328125 0.208984375
4 0.55 0.515625 0.0375 0.12109375
4 0.76015625 0.509765625 0.0609375 0.1015625
4 0.81953125 0.5078125 0.0328125 0.1171875
4 0.8515625 0.51171875 0.046875 0.1015625
1 0.49140625 0.5087890625 0.0453125 0.044921875
4 0.2 0.466796875 0.01875 0.03515625
4 0.2171875 0.4658203125 0.01875 0.037109375
4 0.225 0.462890625 0.0125 0.02734375
4 0.234375 0.46875 0.015625 0.02734375
4 0.25234375 0.46875 0.0203125 0.0234375