1 0.04140625 0.5009765625 0.0796875 0.115234375
1 0.1859375 0.4765625 0.078125 0.0859375
1 0.3046875 0.4873046875 0.071875 0.068359375
1 0.3453125 0.4736328125 0.046875 0.060546875
1 0.571875 0.4794921875 0.04375 0.076171875
1 0.54765625 0.474609375 0.0296875 0.0625
4 0.13671875 0.49609375 0.0421875 0.12890625
4 0.24921875 0.4970703125 0.0421875 0.146484375
4 0.525 0.48046875 0.084375 0.21484375
4 0.75625 0.5126953125 0.103125 0.228515625
0 0.13515625 0.5380859375 0.0359375 0.083984375
0 0.24921875 0.546875 0.0359375 0.08203125
0 0.48828125 0.5546875 0.0765625 0.109375
0 0.57109375 0.5625 0.0828125 0.12109375
0 0.71015625 0.5849609375 0.0828125 0.119140625
0 0.81484375 0.580078125 0.0921875 0.13671875