1 0.09765625 0.64453125 0.1953125 0.23828125
4 0.153125 0.5048828125 0.0375 0.103515625
1 0.3265625 0.4951171875 0.10625 0.103515625
1 0.63046875 0.4970703125 0.0578125 0.052734375
1 0.671875 0.5205078125 0.0625 0.095703125
1 0.7546875 0.54296875 0.165625 0.1484375
1 0.81796875 0.6015625 0.1734375 0.1640625
1 0.91171875 0.669921875 0.1671875 0.36328125
1 0.59609375 0.478515625 0.0328125 0.046875
1 0.5796875 0.4736328125 0.025 0.041015625
1 0.5671875 0.466796875 0.025 0.03515625
1 0.55703125 0.458984375 0.0234375 0.02734375
1 0.071875 0.48828125 0.078125 0.0703125
1 0.18671875 0.4912109375 0.0484375 0.087890625