1 0.13515625 0.5263671875 0.2265625 0.134765625
1 0.41640625 0.4833984375 0.1046875 0.068359375
1 0.809375 0.470703125 0.090625 0.046875
1 0.884375 0.4609375 0.075 0.0390625
4 0.63046875 0.4697265625 0.0203125 0.072265625
4 0.6828125 0.4697265625 0.025 0.072265625
4 0.7140625 0.4658203125 0.028125 0.064453125
4 0.34296875 0.5 0.0234375 0.09375
4 0.32578125 0.49609375 0.0203125 0.1015625
4 0.31171875 0.4990234375 0.0203125 0.103515625
4 0.2828125 0.48828125 0.028125 0.10546875
4 0.26171875 0.4921875 0.0203125 0.11328125
4 0.92890625 0.45703125 0.0140625 0.04296875
4 0.921875 0.451171875 0.0125 0.0390625
4 0.909375 0.4482421875 0.01875 0.033203125
4 0.84140625 0.447265625 0.0203125 0.03125
1 0.98046875 0.4619140625 0.0265625 0.041015625
4 0.97578125 0.4453125 0.0140625 0.02734375
4 0.2359375 0.466796875 0.021875 0.046875
4 0.21328125 0.4619140625 0.0234375 0.041015625