1 0.140625 0.478515625 0.1375 0.05859375
1 0.33515625 0.4560546875 0.0671875 0.060546875
1 0.390625 0.48046875 0.071875 0.078125
1 0.5 0.4521484375 0.0375 0.029296875
1 0.61640625 0.490234375 0.0234375 0.05078125
1 0.63046875 0.498046875 0.0296875 0.0546875
1 0.66171875 0.5029296875 0.0765625 0.076171875
1 0.70703125 0.5234375 0.1109375 0.09375
1 0.88515625 0.6435546875 0.2171875 0.248046875
4 0.025 0.5205078125 0.04375 0.123046875
4 0.05 0.4912109375 0.040625 0.060546875
4 0.0671875 0.51953125 0.04375 0.1328125
1 0.59375 0.48046875 0.0375 0.046875
1 0.11953125 0.4453125 0.0984375 0.03515625