1 0.340625 0.5927734375 0.546875 0.263671875
1 0.55390625 0.474609375 0.0828125 0.0625
1 0.81015625 0.462890625 0.0546875 0.07421875
1 0.8875 0.4599609375 0.06875 0.123046875
4 0.93125 0.541015625 0.109375 0.359375
4 0.7265625 0.4404296875 0.021875 0.037109375
4 0.7125 0.4912109375 0.05 0.146484375
4 0.7515625 0.4775390625 0.046875 0.169921875
4 0.65234375 0.4599609375 0.0234375 0.091796875
4 0.62109375 0.4619140625 0.0234375 0.087890625
4 0.6 0.4580078125 0.021875 0.087890625
1 0.45625 0.4609375 0.034375 0.02734375
4 0.12734375 0.4892578125 0.0203125 0.037109375
4 0.11484375 0.4990234375 0.0234375 0.052734375
1 0.975 0.400390625 0.046875 0.05078125
4 0.18203125 0.4833984375 0.0140625 0.044921875
4 0.19765625 0.4775390625 0.0140625 0.037109375