1 0.09609375 0.50390625 0.1484375 0.1015625
1 0.48984375 0.4609375 0.0234375 0.02734375
1 0.44375 0.4716796875 0.05625 0.052734375
4 0.6546875 0.494140625 0.04375 0.1328125
0 0.65625 0.541015625 0.03125 0.0703125
4 0.86484375 0.5078125 0.0421875 0.07421875
4 0.91015625 0.5126953125 0.0328125 0.068359375
4 0.93671875 0.494140625 0.0265625 0.0546875
1 0.14609375 0.4599609375 0.0609375 0.052734375
1 0.18515625 0.4619140625 0.0359375 0.044921875
1 0.2140625 0.4560546875 0.03125 0.041015625
1 0.2453125 0.4599609375 0.025 0.044921875
4 0.30546875 0.4609375 0.0171875 0.046875
4 0.325 0.458984375 0.015625 0.0546875
4 0.34296875 0.455078125 0.0140625 0.046875
4 0.35234375 0.45703125 0.0140625 0.05078125
4 0.678125 0.470703125 0.021875 0.05859375
4 0.6375 0.466796875 0.01875 0.046875