1 0.0234375 0.5048828125 0.046875 0.123046875
1 0.16484375 0.4833984375 0.1234375 0.087890625
1 0.2265625 0.4677734375 0.075 0.087890625
1 0.284375 0.470703125 0.05625 0.06640625
1 0.31953125 0.4658203125 0.0421875 0.056640625
4 0.8953125 0.5048828125 0.05625 0.185546875
4 0.615625 0.478515625 0.025 0.07421875
0 0.61328125 0.501953125 0.0203125 0.05078125
4 0.5375 0.447265625 0.015625 0.02734375
1 0.415625 0.4501953125 0.03125 0.025390625
1 0.42578125 0.4462890625 0.0234375 0.029296875
1 0.46640625 0.44921875 0.0171875 0.01953125