4 0.834375 0.5107421875 0.028125 0.150390625
4 0.8015625 0.494140625 0.040625 0.18359375
4 0.4609375 0.4833984375 0.015625 0.060546875
4 0.44140625 0.486328125 0.0171875 0.046875
4 0.4125 0.478515625 0.009375 0.0234375
4 0.40546875 0.4775390625 0.0109375 0.021484375
1 0.35625 0.466796875 0.025 0.0234375
1 0.31484375 0.47265625 0.0234375 0.046875
1 0.2953125 0.47265625 0.021875 0.0390625
1 0.23203125 0.48046875 0.0734375 0.0546875
1 0.18046875 0.4677734375 0.0296875 0.029296875
1 0.14921875 0.4619140625 0.0296875 0.037109375
1 0.11640625 0.4560546875 0.0265625 0.044921875
1 0.0625 0.4501953125 0.040625 0.044921875
1 0.03359375 0.5146484375 0.0671875 0.115234375