1 0.06875 0.6181640625 0.134375 0.201171875
1 0.16171875 0.5615234375 0.1359375 0.146484375
1 0.23984375 0.52734375 0.1015625 0.09765625
1 0.2921875 0.4970703125 0.096875 0.107421875
4 0.36484375 0.4775390625 0.0203125 0.068359375
4 0.44453125 0.525390625 0.0484375 0.17578125
0 0.43984375 0.5693359375 0.0203125 0.099609375
4 0.5859375 0.53125 0.059375 0.1796875
1 0.646875 0.52734375 0.09375 0.13671875
1 0.74921875 0.568359375 0.2203125 0.23828125
1 0.89453125 0.681640625 0.1984375 0.36328125
1 0.68515625 0.44140625 0.0734375 0.03125
1 0.7046875 0.44921875 0.046875 0.0234375
1 0.3484375 0.4755859375 0.028125 0.044921875
1 0.3890625 0.462890625 0.034375 0.03515625
1 0.409375 0.45703125 0.028125 0.03125
4 0.43125 0.4501953125 0.01875 0.044921875
1 0.4609375 0.4443359375 0.03125 0.029296875
1 0.5515625 0.4658203125 0.034375 0.041015625
1 0.18046875 0.466796875 0.0609375 0.0390625