4 0.09296875 0.49609375 0.0703125 0.20703125
4 0.3640625 0.4755859375 0.028125 0.115234375
4 0.50859375 0.5078125 0.0546875 0.18359375
1 0.4265625 0.482421875 0.103125 0.09375
1 0.56328125 0.453125 0.0921875 0.0390625
1 0.56953125 0.5166015625 0.0953125 0.126953125
1 0.6609375 0.501953125 0.128125 0.1796875
1 0.71796875 0.5126953125 0.1328125 0.189453125
1 0.80625 0.521484375 0.1375 0.26953125
1 0.91328125 0.484375 0.1671875 0.51953125
4 0.16875 0.4609375 0.03125 0.05078125
4 0.20703125 0.4599609375 0.0296875 0.044921875
0 0.20859375 0.484375 0.0234375 0.04296875
0 0.16953125 0.4814453125 0.0234375 0.044921875
1 0.328125 0.4765625 0.040625 0.06640625
1 0.29296875 0.474609375 0.0296875 0.0546875
1 0.02890625 0.4931640625 0.0578125 0.166015625