4 0.68359375 0.5048828125 0.0234375 0.060546875
4 0.65859375 0.51953125 0.0234375 0.109375
1 0.8390625 0.5703125 0.31875 0.265625
1 0.64609375 0.5234375 0.1546875 0.13671875
1 0.596875 0.498046875 0.10625 0.1171875
1 0.54140625 0.4931640625 0.0296875 0.087890625
1 0.496875 0.4765625 0.0375 0.05859375
1 0.46015625 0.4833984375 0.0515625 0.052734375
1 0.365625 0.4853515625 0.065625 0.072265625
1 0.3171875 0.4931640625 0.03125 0.052734375
1 0.27734375 0.4892578125 0.0515625 0.087890625
1 0.2140625 0.501953125 0.109375 0.109375
1 0.01875 0.564453125 0.0375 0.125