1 0.96171875 0.533203125 0.0734375 0.16015625
1 0.88671875 0.4853515625 0.2234375 0.208984375
1 0.8203125 0.4775390625 0.15 0.154296875
1 0.7375 0.4892578125 0.025 0.068359375
1 0.603125 0.5029296875 0.25 0.318359375
1 0.40625 0.4716796875 0.14375 0.162109375
1 0.36328125 0.490234375 0.0421875 0.1328125
1 0.3125 0.47265625 0.0875 0.18359375
4 0.25234375 0.4609375 0.0734375 0.1953125
0 0.2625 0.64453125 0.0625 0.1640625
1 0.115625 0.4833984375 0.23125 0.259765625
1 0.0203125 0.53125 0.040625 0.19140625