1 0.6828125 0.4697265625 0.096875 0.076171875
1 0.7625 0.4970703125 0.159375 0.103515625
1 0.3578125 0.455078125 0.021875 0.02734375
1 0.42734375 0.4560546875 0.0203125 0.025390625
4 0.06015625 0.4697265625 0.0671875 0.166015625
4 0.1375 0.4638671875 0.04375 0.103515625
4 0.18125 0.4560546875 0.034375 0.099609375
0 0.0625 0.5283203125 0.059375 0.119140625
0 0.1375 0.501953125 0.034375 0.0703125
0 0.1828125 0.4853515625 0.03125 0.060546875
4 0.27578125 0.462890625 0.0234375 0.0546875
4 0.23671875 0.45703125 0.0296875 0.0703125
0 0.2359375 0.4853515625 0.028125 0.037109375
0 0.278125 0.4814453125 0.021875 0.033203125