1 0.6265625 0.46484375 0.06875 0.078125
1 0.58046875 0.4326171875 0.0203125 0.029296875
4 0.56015625 0.4775390625 0.0296875 0.146484375
0 0.5203125 0.51953125 0.046875 0.0625
1 0.5296875 0.4482421875 0.028125 0.041015625
1 0.509375 0.447265625 0.01875 0.0234375
1 0.49140625 0.4443359375 0.0140625 0.021484375
1 0.44921875 0.4609375 0.0578125 0.0625
1 0.34296875 0.4599609375 0.0546875 0.072265625
1 0.2765625 0.47265625 0.096875 0.09375
1 0.4203125 0.4345703125 0.0375 0.052734375
0 0.59609375 0.5166015625 0.0484375 0.064453125