0 0.71171875 0.5 0.0296875 0.04296875
1 0.4 0.470703125 0.059375 0.05859375
1 0.23828125 0.474609375 0.0671875 0.0546875
1 0.28046875 0.466796875 0.0390625 0.0546875
1 0.30546875 0.4619140625 0.0359375 0.048828125
1 0.52421875 0.470703125 0.0578125 0.05078125
1 0.48828125 0.462890625 0.0203125 0.046875
1 0.4734375 0.46484375 0.021875 0.03515625
1 0.45625 0.4619140625 0.01875 0.025390625
1 0.44140625 0.4580078125 0.0203125 0.025390625
1 0.33125 0.46484375 0.015625 0.04296875
1 0.34609375 0.46484375 0.0171875 0.03125
1 0.36015625 0.466796875 0.0171875 0.0234375