1 0.33671875 0.4833984375 0.1453125 0.138671875
1 0.25234375 0.474609375 0.0796875 0.09765625
4 0.65234375 0.45703125 0.0171875 0.05078125
4 0.70703125 0.4677734375 0.0234375 0.048828125
4 0.72265625 0.455078125 0.0109375 0.0234375
4 0.73359375 0.455078125 0.0140625 0.0234375
1 0.4265625 0.462890625 0.0375 0.03515625
4 0.621875 0.4560546875 0.01875 0.044921875
1 0.45625 0.45703125 0.015625 0.01953125
4 0.04921875 0.427734375 0.0234375 0.0390625
4 0.8296875 0.4443359375 0.021875 0.052734375
4 0.9140625 0.462890625 0.01875 0.078125