4 0.8703125 0.4921875 0.021875 0.09375
4 0.88984375 0.4990234375 0.0203125 0.076171875
4 0.85078125 0.490234375 0.0203125 0.09765625
4 0.8234375 0.4921875 0.01875 0.10546875
4 0.80078125 0.4931640625 0.0234375 0.091796875
4 0.77890625 0.4931640625 0.0234375 0.087890625
4 0.76328125 0.490234375 0.0203125 0.08203125
4 0.74921875 0.490234375 0.0203125 0.08203125
4 0.709375 0.490234375 0.021875 0.0703125
4 0.678125 0.47265625 0.01875 0.0546875
4 0.6640625 0.4951171875 0.01875 0.052734375
4 0.640625 0.47265625 0.01875 0.0390625
4 0.6265625 0.466796875 0.01875 0.04296875
1 0.47421875 0.447265625 0.0203125 0.0234375
1 0.45625 0.490234375 0.065625 0.0703125
1 0.3109375 0.4599609375 0.03125 0.029296875