1 0.5015625 0.513671875 0.0625 0.0703125
1 0.421875 0.5888671875 0.18125 0.181640625
4 0.2609375 0.4990234375 0.021875 0.044921875
1 0.49453125 0.5419921875 0.0578125 0.095703125
4 0.94765625 0.5830078125 0.0453125 0.123046875
4 0.95625 0.5068359375 0.028125 0.064453125
4 0.92421875 0.513671875 0.0234375 0.0703125
4 0.61484375 0.5224609375 0.0265625 0.072265625
4 0.72890625 0.515625 0.0234375 0.0546875
4 0.9578125 0.578125 0.034375 0.05078125
4 0.353125 0.5048828125 0.021875 0.056640625
4 0.79140625 0.4970703125 0.0203125 0.041015625