1 0.47265625 0.45703125 0.0765625 0.06640625
1 0.51640625 0.4560546875 0.0296875 0.052734375
1 0.54453125 0.4541015625 0.0328125 0.044921875
1 0.57734375 0.4521484375 0.0453125 0.041015625
1 0.85625 0.46875 0.121875 0.1171875
1 0.87734375 0.48828125 0.0734375 0.09765625
1 0.96953125 0.4892578125 0.0578125 0.130859375
1 0.7265625 0.4638671875 0.065625 0.072265625
4 0.67265625 0.4833984375 0.0453125 0.123046875
4 0.63671875 0.4599609375 0.0265625 0.095703125
4 0.6203125 0.451171875 0.021875 0.08203125
1 0.26171875 0.4482421875 0.0328125 0.087890625
1 0.18125 0.44140625 0.125 0.09765625