1 0.7828125 0.42578125 0.075 0.0859375
1 0.06640625 0.41796875 0.1328125 0.09375
4 0.07421875 0.4482421875 0.0546875 0.072265625
0 0.015625 0.4931640625 0.03125 0.064453125
0 0.06953125 0.4892578125 0.0578125 0.068359375
0 0.17421875 0.4794921875 0.0578125 0.052734375
4 0.175 0.443359375 0.04375 0.08203125
4 0.2734375 0.4423828125 0.0375 0.056640625
0 0.271875 0.4736328125 0.0375 0.029296875
4 0.359375 0.435546875 0.034375 0.05859375
0 0.36171875 0.4609375 0.0296875 0.03515625
4 0.4125 0.42578125 0.028125 0.05859375
4 0.48359375 0.4296875 0.0203125 0.04296875
4 0.571875 0.421875 0.01875 0.03515625