4 0.94765625 0.5380859375 0.0859375 0.326171875
1 0.85625 0.4951171875 0.103125 0.056640625
1 0.84765625 0.45703125 0.0796875 0.0234375
1 0.778125 0.486328125 0.0375 0.05078125
1 0.74921875 0.462890625 0.0359375 0.02734375
1 0.74453125 0.4931640625 0.0265625 0.037109375
1 0.70390625 0.4560546875 0.0265625 0.025390625
1 0.67265625 0.4775390625 0.0921875 0.080078125
1 0.59609375 0.478515625 0.0546875 0.0859375
1 0.51015625 0.4765625 0.0359375 0.046875
1 0.47421875 0.4775390625 0.0296875 0.044921875
1 0.45 0.4765625 0.025 0.0546875
1 0.4171875 0.48046875 0.0375 0.05078125
1 0.38359375 0.4765625 0.0328125 0.0546875
1 0.3546875 0.4775390625 0.021875 0.056640625
1 0.325 0.4716796875 0.03125 0.029296875
1 0.1 0.462890625 0.053125 0.05078125
1 0.225 0.5224609375 0.25 0.166015625
1 0.0515625 0.5283203125 0.103125 0.201171875