4 0.7828125 0.5009765625 0.090625 0.205078125
1 0.5765625 0.5029296875 0.078125 0.076171875
1 0.534375 0.4990234375 0.028125 0.060546875
1 0.50703125 0.4931640625 0.0296875 0.052734375
1 0.44765625 0.4921875 0.0265625 0.02734375
1 0.4140625 0.4931640625 0.034375 0.033203125
1 0.38203125 0.4912109375 0.0265625 0.033203125
1 0.35546875 0.4931640625 0.0234375 0.033203125
1 0.325 0.4921875 0.03125 0.0390625
1 0.29375 0.494140625 0.03125 0.04296875
1 0.2609375 0.49609375 0.03125 0.04296875
1 0.2328125 0.494140625 0.025 0.05078125
1 0.21015625 0.4931640625 0.0328125 0.052734375
1 0.17890625 0.49609375 0.0484375 0.0546875
1 0.1171875 0.486328125 0.075 0.08203125
1 0.0625 0.541015625 0.125 0.19921875