1 0.8359375 0.58203125 0.225 0.2109375
1 0.91875 0.705078125 0.153125 0.3671875
4 0.2921875 0.4619140625 0.028125 0.064453125
4 0.4140625 0.4580078125 0.021875 0.052734375
4 0.40078125 0.453125 0.0203125 0.046875
4 0.68984375 0.4609375 0.0203125 0.0390625
4 0.659375 0.4609375 0.01875 0.046875
4 0.59375 0.4560546875 0.01875 0.029296875
4 0.58125 0.4560546875 0.01875 0.029296875
4 0.571875 0.45703125 0.0125 0.03515625
4 0.3796875 0.451171875 0.01875 0.046875
4 0.3625 0.4482421875 0.01875 0.044921875
1 0.73203125 0.525390625 0.1546875 0.1640625
1 0.62578125 0.4755859375 0.0578125 0.060546875
4 0.26640625 0.44921875 0.0234375 0.07421875