4 0.65625 0.4990234375 0.05 0.150390625
4 0.60546875 0.4775390625 0.0265625 0.103515625
4 0.59375 0.4599609375 0.028125 0.099609375
1 0.81875 0.462890625 0.10625 0.109375
1 0.915625 0.4892578125 0.0625 0.126953125
1 0.84375 0.486328125 0.046875 0.078125
1 0.471875 0.4580078125 0.065625 0.060546875
1 0.5359375 0.4560546875 0.03125 0.037109375
1 0.51171875 0.4580078125 0.0296875 0.044921875
1 0.71015625 0.4619140625 0.0609375 0.060546875
1 0.26953125 0.4560546875 0.0265625 0.076171875
1 0.19140625 0.4482421875 0.1203125 0.091796875
1 0.07109375 0.416015625 0.1328125 0.06640625
1 0.56875 0.458984375 0.034375 0.04296875