4 0.24921875 0.5185546875 0.0953125 0.244140625
1 0.45859375 0.51953125 0.0859375 0.1171875
1 0.34921875 0.4755859375 0.1984375 0.134765625
1 0.603125 0.5107421875 0.2625 0.177734375
1 0.86015625 0.548828125 0.2734375 0.2109375
1 0.20390625 0.4951171875 0.0328125 0.091796875
1 0.17109375 0.49609375 0.0296875 0.0703125
1 0.14296875 0.49609375 0.0328125 0.08203125
1 0.11640625 0.494140625 0.0234375 0.0625
1 0.08359375 0.4912109375 0.0421875 0.064453125
4 0.0171875 0.486328125 0.025 0.07421875
4 0.98515625 0.4423828125 0.0265625 0.060546875