1 0.96796875 0.4296875 0.0546875 0.0859375
1 0.75546875 0.4375 0.0859375 0.07421875
1 0.2125 0.4306640625 0.146875 0.115234375
1 0.10078125 0.4140625 0.0765625 0.0625
4 0.05859375 0.4501953125 0.0515625 0.134765625
4 0.16875 0.46484375 0.04375 0.09375
4 0.30703125 0.4404296875 0.0328125 0.099609375
4 0.278125 0.44140625 0.028125 0.0703125
4 0.38984375 0.4453125 0.0484375 0.078125
0 0.0609375 0.5068359375 0.0875 0.060546875
0 0.1453125 0.5078125 0.034375 0.046875
0 0.1890625 0.498046875 0.0375 0.06640625
0 0.27421875 0.4921875 0.0234375 0.04296875
0 0.30859375 0.494140625 0.0421875 0.05859375
0 0.38828125 0.484375 0.0484375 0.046875
4 0.6109375 0.435546875 0.034375 0.0859375
0 0.60546875 0.4580078125 0.0328125 0.041015625
4 0.575 0.4287109375 0.040625 0.056640625
0 0.57265625 0.462890625 0.0359375 0.03515625
4 0.53515625 0.4296875 0.0359375 0.05859375
0 0.5390625 0.462890625 0.028125 0.05078125
4 0.47890625 0.427734375 0.0296875 0.0625
4 0.4484375 0.4296875 0.03125 0.078125
0 0.48203125 0.4658203125 0.0328125 0.041015625
0 0.44765625 0.466796875 0.0453125 0.046875