4 0.40390625 0.4814453125 0.0328125 0.099609375
4 0.45 0.470703125 0.021875 0.09375
4 0.69296875 0.4765625 0.0453125 0.1640625
4 0.728125 0.4755859375 0.0375 0.146484375
1 0.809375 0.462890625 0.053125 0.078125
1 0.92421875 0.44921875 0.1453125 0.1484375
1 0.9515625 0.4892578125 0.09375 0.126953125
1 0.64375 0.44921875 0.028125 0.03125
4 0.171875 0.4775390625 0.01875 0.041015625
4 0.1296875 0.4892578125 0.01875 0.033203125
4 0.5796875 0.4541015625 0.01875 0.052734375
4 0.625 0.4560546875 0.021875 0.056640625
4 0.60703125 0.4560546875 0.0203125 0.060546875
4 0.384375 0.4619140625 0.009375 0.029296875
4 0.37578125 0.4638671875 0.0109375 0.029296875
4 0.36640625 0.466796875 0.0140625 0.02734375
0 0.40234375 0.51171875 0.0171875 0.06640625