4 0.14765625 0.490234375 0.0203125 0.05859375
4 0.1265625 0.486328125 0.021875 0.07421875
4 0.66171875 0.4580078125 0.0328125 0.099609375
4 0.63203125 0.4736328125 0.0328125 0.091796875
1 0.93203125 0.4130859375 0.1328125 0.060546875
1 0.8015625 0.54296875 0.390625 0.21875
4 0.5515625 0.458984375 0.01875 0.05078125
1 0.7296875 0.447265625 0.034375 0.0390625
1 0.80078125 0.419921875 0.0515625 0.0390625
1 0.88671875 0.4130859375 0.0734375 0.041015625
1 0.45625 0.4609375 0.03125 0.02734375
4 0.3765625 0.462890625 0.009375 0.03125
4 0.37109375 0.4609375 0.0109375 0.03125
4 0.60234375 0.4609375 0.0234375 0.06640625
4 0.57890625 0.462890625 0.0234375 0.0703125