1 0.046875 0.5703125 0.09375 0.19921875
1 0.1859375 0.513671875 0.18125 0.1640625
1 0.346875 0.486328125 0.090625 0.07421875
1 0.38671875 0.4765625 0.0609375 0.06640625
1 0.43125 0.4765625 0.046875 0.04296875
1 0.44921875 0.462890625 0.0421875 0.046875
1 0.67890625 0.5068359375 0.0609375 0.091796875
1 0.78203125 0.52734375 0.2078125 0.19921875
1 0.89296875 0.626953125 0.2046875 0.27734375
0 0.6359375 0.5419921875 0.03125 0.087890625
0 0.59140625 0.529296875 0.0265625 0.0703125
4 0.640625 0.5029296875 0.0375 0.138671875
4 0.5953125 0.494140625 0.053125 0.1328125
1 0.49375 0.4609375 0.025 0.0234375