1 0.834375 0.6376953125 0.328125 0.294921875
1 0.67421875 0.5185546875 0.1203125 0.103515625
1 0.6171875 0.48828125 0.078125 0.078125
1 0.36171875 0.4658203125 0.0296875 0.037109375
1 0.2546875 0.4931640625 0.084375 0.123046875
1 0.125 0.5263671875 0.240625 0.208984375
1 0.4484375 0.4609375 0.040625 0.03515625
1 0.734375 0.470703125 0.078125 0.06640625
1 0.31328125 0.484375 0.0296875 0.0859375
4 0.5203125 0.4716796875 0.0125 0.044921875
4 0.50625 0.470703125 0.0125 0.046875
4 0.4984375 0.4716796875 0.0125 0.048828125
4 0.4125 0.462890625 0.0125 0.04296875
1 0.9734375 0.4931640625 0.046875 0.068359375