1 0.07890625 0.607421875 0.1578125 0.1953125
1 0.17421875 0.552734375 0.1203125 0.12890625
1 0.23359375 0.513671875 0.0984375 0.09375
1 0.29296875 0.4970703125 0.0703125 0.076171875
1 0.33125 0.4755859375 0.059375 0.068359375
1 0.625 0.5078125 0.10625 0.09765625
1 0.57265625 0.466796875 0.0609375 0.06640625
1 0.3796875 0.458984375 0.034375 0.0390625
1 0.3921875 0.4521484375 0.0375 0.037109375
1 0.43203125 0.4423828125 0.0265625 0.025390625
1 0.715625 0.462890625 0.0375 0.0546875
1 0.915625 0.462890625 0.103125 0.09375
1 0.9671875 0.455078125 0.05 0.046875
1 0.53984375 0.4580078125 0.0234375 0.044921875
1 0.47734375 0.4287109375 0.0203125 0.025390625
1 0.51796875 0.439453125 0.0265625 0.03125
1 0.5265625 0.4462890625 0.021875 0.033203125
4 0.490625 0.431640625 0.015625 0.02734375
4 0.45546875 0.4375 0.0140625 0.0390625