4 0.8921875 0.501953125 0.028125 0.1328125
4 0.8125 0.5234375 0.0375 0.06640625
4 0.7328125 0.486328125 0.025 0.0625
4 0.68046875 0.466796875 0.0203125 0.0390625
0 0.68125 0.5078125 0.01875 0.03515625
1 0.45859375 0.4912109375 0.0328125 0.041015625
1 0.39375 0.4931640625 0.025 0.025390625
1 0.353125 0.4873046875 0.025 0.037109375
1 0.31875 0.4853515625 0.040625 0.044921875
1 0.23359375 0.49609375 0.0890625 0.0703125
1 0.17265625 0.4892578125 0.0453125 0.068359375
1 0.10546875 0.4921875 0.0921875 0.10546875
1 0.0328125 0.494140625 0.0625 0.1171875