1 0.9015625 0.427734375 0.090625 0.09375
1 0.7828125 0.443359375 0.05 0.078125
4 0.69375 0.455078125 0.025 0.09765625
4 0.67734375 0.4609375 0.0171875 0.08984375
4 0.659375 0.46875 0.028125 0.1015625
4 0.63671875 0.4638671875 0.0171875 0.103515625
4 0.60859375 0.4775390625 0.0171875 0.091796875
4 0.59609375 0.447265625 0.0140625 0.07421875
4 0.56015625 0.462890625 0.0203125 0.07421875
4 0.54921875 0.453125 0.0109375 0.05078125
1 0.453125 0.4619140625 0.028125 0.025390625
1 0.4453125 0.451171875 0.015625 0.01953125
1 0.4265625 0.453125 0.009375 0.015625
1 0.40625 0.4560546875 0.0125 0.017578125
1 0.38203125 0.458984375 0.0109375 0.01953125
1 0.37421875 0.462890625 0.0109375 0.01953125
1 0.3640625 0.4609375 0.0125 0.0234375
1 0.35234375 0.4677734375 0.0140625 0.021484375
1 0.3296875 0.46875 0.046875 0.04296875
1 0.3046875 0.4619140625 0.01875 0.037109375
4 0.1015625 0.4814453125 0.01875 0.068359375