4 0.20703125 0.41796875 0.0234375 0.03515625
4 0.5703125 0.4638671875 0.021875 0.056640625
4 0.2984375 0.4501953125 0.021875 0.072265625
4 0.2640625 0.44921875 0.01875 0.0703125
1 0.61953125 0.4794921875 0.0421875 0.076171875
4 0.525 0.4501953125 0.01875 0.033203125
4 0.465625 0.4560546875 0.01875 0.041015625
4 0.3140625 0.453125 0.021875 0.05859375
4 0.390625 0.4462890625 0.01875 0.037109375
1 0.6671875 0.4912109375 0.1 0.103515625
0 0.04453125 0.486328125 0.0296875 0.0390625
0 0.01640625 0.4931640625 0.0328125 0.052734375
4 0.7046875 0.45703125 0.015625 0.04296875
4 0.690625 0.443359375 0.01875 0.0234375