4 0.4265625 0.4765625 0.028125 0.1171875
4 0.37734375 0.486328125 0.0421875 0.125
0 0.3796875 0.53125 0.021875 0.078125
4 0.17265625 0.4921875 0.0203125 0.06640625
4 0.7140625 0.4765625 0.04375 0.16796875
4 0.75078125 0.478515625 0.0359375 0.15234375
1 0.8078125 0.46484375 0.05625 0.07421875
1 0.92578125 0.451171875 0.1453125 0.140625
1 0.95 0.4892578125 0.09375 0.123046875
4 0.5515625 0.4580078125 0.01875 0.044921875
4 0.128125 0.4853515625 0.01875 0.037109375
4 0.6125 0.4580078125 0.01875 0.064453125
4 0.63125 0.4599609375 0.01875 0.060546875
1 0.6453125 0.4482421875 0.025 0.029296875