1 0.3640625 0.48828125 0.1 0.08203125
1 0.2109375 0.6220703125 0.421875 0.306640625
4 0.6078125 0.46484375 0.025 0.10546875
4 0.68046875 0.4599609375 0.0265625 0.091796875
4 0.76328125 0.51171875 0.0703125 0.1875
4 0.82109375 0.4716796875 0.0609375 0.189453125
4 0.90078125 0.6513671875 0.1953125 0.615234375
4 0.54921875 0.4658203125 0.0203125 0.037109375
4 0.5796875 0.455078125 0.021875 0.046875
4 0.653125 0.4677734375 0.025 0.087890625
4 0.63359375 0.45703125 0.0296875 0.08984375
1 0.9671875 0.4052734375 0.059375 0.060546875