1 0.84140625 0.544921875 0.2578125 0.20703125
4 0.67265625 0.482421875 0.0296875 0.0859375
0 0.35078125 0.5 0.0171875 0.0390625
4 0.3328125 0.47265625 0.021875 0.0625
4 0.2 0.474609375 0.01875 0.06640625
4 0.21875 0.474609375 0.01875 0.0625
0 0.97890625 0.56640625 0.0296875 0.07421875
0 0.10390625 0.51953125 0.0421875 0.08203125
0 0.6265625 0.5126953125 0.015625 0.044921875
4 0.07578125 0.4736328125 0.0171875 0.087890625
4 0.73046875 0.4609375 0.0203125 0.05078125
0 0.5875 0.5068359375 0.0375 0.056640625
1 0.40234375 0.4697265625 0.0171875 0.021484375
4 0.359375 0.45703125 0.009375 0.02734375
4 0.3515625 0.46875 0.0125 0.03125
4 0.2859375 0.4677734375 0.015625 0.060546875
4 0.246875 0.462890625 0.01875 0.0390625
0 0.24921875 0.4990234375 0.0390625 0.037109375