4 0.9078125 0.498046875 0.03125 0.125
4 0.859375 0.5009765625 0.028125 0.150390625
4 0.83359375 0.4765625 0.0265625 0.0703125
4 0.82421875 0.46484375 0.0234375 0.0703125
4 0.64296875 0.486328125 0.0328125 0.0859375
4 0.49296875 0.517578125 0.0671875 0.125
4 0.20859375 0.498046875 0.0328125 0.08203125
4 0.0859375 0.484375 0.03125 0.09765625
4 0.10625 0.4892578125 0.0375 0.087890625
4 0.35625 0.4501953125 0.021875 0.041015625
4 0.25 0.4482421875 0.025 0.037109375
0 0.478125 0.5810546875 0.109375 0.068359375
1 0.55546875 0.4697265625 0.0484375 0.052734375
1 0.43203125 0.4375 0.0203125 0.01953125
4 0.0359375 0.46484375 0.028125 0.03515625