1 0.4984375 0.5185546875 0.13125 0.126953125
1 0.42890625 0.4677734375 0.0328125 0.037109375
1 0.81953125 0.4619140625 0.0421875 0.064453125
1 0.9265625 0.44921875 0.14375 0.1484375
1 0.9484375 0.4921875 0.1 0.1171875
4 0.7859375 0.474609375 0.028125 0.14453125
4 0.765625 0.484375 0.040625 0.15625
4 0.73359375 0.4765625 0.0421875 0.140625
4 0.615625 0.4716796875 0.021875 0.064453125
4 0.034375 0.5087890625 0.025 0.072265625
4 0.0125 0.5126953125 0.025 0.087890625
4 0.12421875 0.486328125 0.0234375 0.03515625
4 0.5984375 0.4541015625 0.021875 0.052734375
4 0.58046875 0.4541015625 0.0203125 0.052734375