4 0.5515625 0.4599609375 0.01875 0.048828125
4 0.13359375 0.490234375 0.0234375 0.0703125
1 0.83671875 0.5302734375 0.3109375 0.205078125
1 0.728125 0.458984375 0.040625 0.05859375
1 0.80234375 0.419921875 0.0515625 0.0390625
1 0.809375 0.435546875 0.059375 0.0625
1 0.88671875 0.412109375 0.0734375 0.0390625
1 0.94140625 0.4052734375 0.1015625 0.052734375
4 0.57890625 0.462890625 0.0203125 0.06640625
4 0.59765625 0.4619140625 0.0203125 0.068359375
4 0.6390625 0.466796875 0.021875 0.078125
4 0.61953125 0.474609375 0.0328125 0.09765625
4 0.6578125 0.4658203125 0.03125 0.103515625
4 0.378125 0.4619140625 0.0125 0.025390625
4 0.11171875 0.4912109375 0.0265625 0.064453125