4 0.8359375 0.517578125 0.059375 0.25
4 0.78125 0.546875 0.0375 0.171875
4 0.734375 0.5126953125 0.046875 0.173828125
4 0.66953125 0.50390625 0.0328125 0.1484375
1 0.6984375 0.484375 0.01875 0.0390625
1 0.6078125 0.4794921875 0.065625 0.060546875
1 0.55 0.4775390625 0.034375 0.060546875
1 0.48984375 0.4775390625 0.0453125 0.041015625
1 0.4046875 0.505859375 0.125 0.1328125
1 0.3359375 0.46875 0.021875 0.0390625
1 0.3078125 0.484375 0.028125 0.046875
1 0.24453125 0.48828125 0.0984375 0.10546875
1 0.0984375 0.5 0.196875 0.26171875