4 0.80859375 0.583984375 0.1203125 0.51953125
4 0.45390625 0.4873046875 0.0328125 0.107421875
4 0.41015625 0.490234375 0.0328125 0.1171875
1 0.93125 0.541015625 0.134375 0.25
1 0.70390625 0.505859375 0.1203125 0.19921875
1 0.88515625 0.4521484375 0.0515625 0.087890625
1 0.58359375 0.5166015625 0.0734375 0.103515625
1 0.56640625 0.4970703125 0.1359375 0.119140625
1 0.215625 0.47265625 0.04375 0.03515625
1 0.1046875 0.4970703125 0.128125 0.115234375
1 0.1578125 0.490234375 0.0625 0.0625
1 0.05234375 0.5 0.1046875 0.125
1 0.38984375 0.478515625 0.0328125 0.0625
4 0.328125 0.4677734375 0.01875 0.044921875