0 0.0421875 0.552734375 0.065625 0.08984375
4 0.50078125 0.4833984375 0.0578125 0.154296875
4 0.484375 0.482421875 0.065625 0.14453125
4 0.44453125 0.47265625 0.0578125 0.1484375
1 0.16953125 0.4775390625 0.1046875 0.087890625
1 0.22890625 0.470703125 0.0484375 0.06640625
1 0.25 0.46484375 0.0375 0.0546875
1 0.26484375 0.462890625 0.0390625 0.05078125
1 0.296875 0.4560546875 0.0375 0.048828125
1 0.58515625 0.4716796875 0.0859375 0.083984375
1 0.540625 0.4619140625 0.040625 0.060546875
1 0.32890625 0.453125 0.0359375 0.0390625
4 0.03828125 0.4443359375 0.0578125 0.119140625
1 0.353125 0.44921875 0.015625 0.03125
1 0.36484375 0.4482421875 0.0140625 0.025390625
1 0.37890625 0.4453125 0.0171875 0.02734375
1 0.40234375 0.4443359375 0.0203125 0.025390625
1 0.425 0.4453125 0.0125 0.015625