4 0.7078125 0.482421875 0.028125 0.1171875
4 0.66796875 0.494140625 0.0359375 0.140625
4 0.9609375 0.4736328125 0.0375 0.060546875
1 0.8046875 0.451171875 0.1625 0.06640625
4 0.5625 0.47265625 0.028125 0.09375
1 0.49453125 0.46875 0.0359375 0.04296875
4 0.46484375 0.4658203125 0.0203125 0.056640625
1 0.39765625 0.4638671875 0.0328125 0.037109375
4 0.340625 0.4755859375 0.01875 0.052734375
4 0.3140625 0.46484375 0.01875 0.0625
1 0.2390625 0.453125 0.046875 0.0390625
1 0.20546875 0.453125 0.0203125 0.03125
1 0.15 0.44921875 0.04375 0.02734375
1 0.1078125 0.4501953125 0.034375 0.033203125
1 0.084375 0.455078125 0.028125 0.02734375
1 0.053125 0.5537109375 0.10625 0.294921875
1 0.05 0.44140625 0.028125 0.03125