1 0.17265625 0.462890625 0.0703125 0.0703125
1 0.23671875 0.4794921875 0.0796875 0.076171875
1 0.3984375 0.466796875 0.05625 0.0546875
1 0.57734375 0.54296875 0.2953125 0.12890625
1 0.571875 0.46875 0.1625 0.05078125
4 0.74296875 0.4599609375 0.0296875 0.083984375
4 0.68984375 0.455078125 0.0296875 0.0546875
4 0.10625 0.4677734375 0.028125 0.076171875
4 0.08203125 0.4677734375 0.0296875 0.083984375
4 0.59375 0.4326171875 0.021875 0.033203125
4 0.56796875 0.4296875 0.0203125 0.03125
4 0.54375 0.431640625 0.021875 0.03515625
1 0.371875 0.455078125 0.028125 0.0390625
1 0.35703125 0.4521484375 0.0234375 0.037109375
1 0.340625 0.4482421875 0.021875 0.029296875
1 0.265625 0.447265625 0.040625 0.03515625
4 0.575 0.51171875 0.034375 0.02734375
1 0.971875 0.5380859375 0.053125 0.064453125