1 0.1 0.5322265625 0.2 0.158203125
1 0.1984375 0.498046875 0.128125 0.125
1 0.29453125 0.4814453125 0.0984375 0.091796875
1 0.37265625 0.48046875 0.0484375 0.05078125
1 0.39140625 0.4677734375 0.0421875 0.044921875
1 0.7671875 0.4970703125 0.090625 0.095703125
1 0.934375 0.525390625 0.125 0.12109375
1 0.9 0.5185546875 0.1375 0.111328125
1 0.95546875 0.5576171875 0.0796875 0.119140625
4 0.715625 0.4892578125 0.01875 0.087890625
4 0.67578125 0.4921875 0.0234375 0.08984375
1 0.51484375 0.4619140625 0.0265625 0.033203125
1 0.4140625 0.46484375 0.025 0.0390625
4 0.4359375 0.46484375 0.021875 0.05078125
4 0.46328125 0.46484375 0.0203125 0.05078125
4 0.53828125 0.458984375 0.0109375 0.03515625
4 0.52890625 0.45703125 0.0140625 0.03125
1 0.6546875 0.4794921875 0.025 0.052734375
1 0.6203125 0.4599609375 0.028125 0.037109375
4 0.834375 0.4560546875 0.01875 0.025390625
4 0.85546875 0.455078125 0.0203125 0.02734375
4 0.8734375 0.45703125 0.015625 0.0234375
1 0.821875 0.5146484375 0.090625 0.095703125
1 0.946875 0.451171875 0.1 0.03125