1 0.58203125 0.4677734375 0.1203125 0.111328125
1 0.51640625 0.458984375 0.0546875 0.06640625
1 0.3359375 0.470703125 0.059375 0.0546875
1 0.1375 0.486328125 0.103125 0.0859375
1 0.2 0.4814453125 0.0625 0.072265625
1 0.2359375 0.47265625 0.05625 0.0703125
1 0.26796875 0.4677734375 0.0234375 0.056640625
1 0.30546875 0.4638671875 0.0296875 0.044921875
1 0.48359375 0.4658203125 0.0203125 0.041015625
1 0.46796875 0.4609375 0.0203125 0.03515625
1 0.45703125 0.455078125 0.0203125 0.02734375
1 0.44375 0.451171875 0.01875 0.0234375
1 0.08125 0.4560546875 0.034375 0.044921875
1 0.0375 0.4658203125 0.03125 0.037109375