1 0.10625 0.56640625 0.20625 0.1640625
1 0.0625 0.642578125 0.125 0.23828125
1 0.29765625 0.517578125 0.1078125 0.109375
1 0.346875 0.4951171875 0.05625 0.072265625
1 0.39375 0.478515625 0.0625 0.0703125
1 0.475 0.45703125 0.046875 0.046875
1 0.62265625 0.482421875 0.0359375 0.05859375
1 0.64765625 0.490234375 0.0359375 0.07421875
1 0.7140625 0.5234375 0.1375 0.15234375
1 0.95546875 0.65234375 0.0859375 0.34375
4 0.88046875 0.671875 0.1046875 0.39453125
4 0.2328125 0.595703125 0.0875 0.234375
0 0.23671875 0.701171875 0.0828125 0.14453125
1 0.41640625 0.462890625 0.0328125 0.0546875
1 0.43203125 0.4599609375 0.0265625 0.052734375
1 0.50703125 0.44140625 0.0203125 0.0234375
1 0.5171875 0.4365234375 0.025 0.029296875
1 0.58984375 0.4453125 0.0296875 0.03125
4 0.53359375 0.4580078125 0.0203125 0.041015625