1 0.90234375 0.5390625 0.1890625 0.2421875
4 0.76953125 0.5380859375 0.1046875 0.357421875
1 0.6828125 0.4951171875 0.134375 0.201171875
2 0.5984375 0.548828125 0.03125 0.05078125
1 0.6109375 0.48828125 0.053125 0.125
4 0.5640625 0.494140625 0.01875 0.14453125
4 0.54296875 0.498046875 0.0265625 0.13671875
1 0.51328125 0.4775390625 0.0359375 0.103515625
1 0.3671875 0.5 0.246875 0.3125
1 0.2125 0.4892578125 0.075 0.091796875
1 0.18515625 0.486328125 0.0828125 0.0859375
1 0.11875 0.501953125 0.171875 0.12890625
1 0.06484375 0.5126953125 0.1296875 0.142578125
1 0.04296875 0.5390625 0.0859375 0.171875
1 0.8515625 0.443359375 0.134375 0.09375
1 0.19296875 0.4443359375 0.1453125 0.064453125