4 0.9828125 0.5185546875 0.03125 0.302734375
4 0.88671875 0.5126953125 0.0921875 0.294921875
1 0.93984375 0.412109375 0.0765625 0.0625
1 0.94296875 0.4931640625 0.0703125 0.099609375
4 0.82265625 0.48828125 0.0515625 0.21484375
4 0.778125 0.51171875 0.090625 0.31640625
4 0.73203125 0.5 0.0578125 0.2265625
4 0.403125 0.462890625 0.021875 0.05859375
4 0.18828125 0.48828125 0.0234375 0.0546875
4 0.12578125 0.48828125 0.0234375 0.03515625
4 0.10859375 0.4951171875 0.0234375 0.052734375
4 0.65234375 0.4599609375 0.0296875 0.076171875
4 0.63046875 0.4609375 0.0296875 0.078125
4 0.5546875 0.455078125 0.01875 0.0390625