1 0.1875 0.4345703125 0.06875 0.064453125
4 0.9484375 0.5166015625 0.0375 0.154296875
4 0.9140625 0.5244140625 0.1 0.220703125
4 0.653125 0.513671875 0.1 0.19140625
4 0.53359375 0.4931640625 0.0765625 0.166015625
4 0.471875 0.486328125 0.05 0.17578125
4 0.43671875 0.470703125 0.0453125 0.12890625
4 0.3984375 0.451171875 0.0375 0.0859375
4 0.37890625 0.5068359375 0.0546875 0.162109375
4 0.34375 0.4677734375 0.0375 0.150390625
4 0.3046875 0.4736328125 0.05 0.146484375
4 0.278125 0.4658203125 0.04375 0.126953125
4 0.675 0.4716796875 0.03125 0.119140625
4 0.24140625 0.421875 0.0203125 0.0625
1 0.6125 0.4677734375 0.075 0.072265625