1 0.94140625 0.5205078125 0.1140625 0.169921875
1 0.88125 0.482421875 0.234375 0.1796875
1 0.80390625 0.4736328125 0.1328125 0.146484375
1 0.59453125 0.501953125 0.2609375 0.34765625
1 0.41484375 0.4580078125 0.1359375 0.130859375
2 0.421875 0.564453125 0.090625 0.0859375
1 0.3796875 0.4736328125 0.025 0.095703125
1 0.1984375 0.4794921875 0.28125 0.228515625
1 0.28515625 0.462890625 0.1796875 0.15234375
1 0.06015625 0.5556640625 0.1203125 0.244140625
1 0.05546875 0.3916015625 0.1109375 0.087890625