1 0.30625 0.4453125 0.071875 0.06640625
0 0.69296875 0.5234375 0.0296875 0.07421875
0 0.66796875 0.5263671875 0.0234375 0.052734375
4 0.67890625 0.4755859375 0.0546875 0.126953125
4 0.6328125 0.4892578125 0.040625 0.103515625
0 0.6328125 0.5205078125 0.025 0.064453125
0 0.59375 0.5068359375 0.01875 0.052734375
4 0.59453125 0.4775390625 0.0328125 0.095703125
4 0.5296875 0.4580078125 0.028125 0.072265625
0 0.53046875 0.4833984375 0.0203125 0.056640625
4 0.50078125 0.44921875 0.0234375 0.06640625
0 0.503125 0.4736328125 0.01875 0.037109375