1 0.040625 0.63671875 0.08125 0.1953125
1 0.26171875 0.5322265625 0.1296875 0.107421875
1 0.33984375 0.490234375 0.0671875 0.0703125
1 0.3828125 0.4765625 0.053125 0.046875
1 0.50234375 0.4501953125 0.0421875 0.044921875
1 0.6078125 0.470703125 0.065625 0.05859375
1 0.7 0.5205078125 0.11875 0.115234375
1 0.93046875 0.5146484375 0.1234375 0.119140625
1 0.8484375 0.6396484375 0.2625 0.220703125
1 0.26171875 0.4609375 0.0453125 0.0390625
1 0.31484375 0.5048828125 0.0734375 0.072265625
1 0.77265625 0.4619140625 0.0703125 0.052734375
1 0.86640625 0.435546875 0.0734375 0.03515625
1 0.81171875 0.4931640625 0.0359375 0.068359375
4 0.959375 0.7763671875 0.075 0.443359375
0 0.93046875 0.8759765625 0.0578125 0.240234375