1 0.97109375 0.6005859375 0.0546875 0.185546875
4 0.9171875 0.5400390625 0.053125 0.271484375
1 0.8640625 0.4970703125 0.103125 0.263671875
1 0.9703125 0.4150390625 0.046875 0.099609375
1 0.734375 0.5166015625 0.15 0.173828125
1 0.68515625 0.490234375 0.1046875 0.12109375
1 0.61328125 0.4599609375 0.1578125 0.087890625
1 0.45859375 0.4853515625 0.1171875 0.146484375
4 0.34765625 0.498046875 0.0578125 0.18359375
0 0.34375 0.56640625 0.0375 0.09375
1 0.05234375 0.552734375 0.1046875 0.2421875
1 0.13828125 0.5205078125 0.0734375 0.146484375
1 0.1671875 0.4912109375 0.178125 0.146484375
1 0.27890625 0.4814453125 0.0671875 0.091796875
1 0.59453125 0.4970703125 0.0859375 0.095703125