1 0.5109375 0.51953125 0.21875 0.20703125
1 0.86484375 0.490234375 0.0328125 0.0546875
0 0.1953125 0.5166015625 0.025 0.072265625
0 0.33046875 0.501953125 0.0234375 0.05859375
0 0.9796875 0.5498046875 0.0375 0.103515625
0 0.75546875 0.5068359375 0.0359375 0.119140625
0 0.8265625 0.5048828125 0.046875 0.115234375
4 0.23984375 0.4609375 0.0203125 0.06640625
4 0.221875 0.4560546875 0.025 0.056640625
4 0.39921875 0.470703125 0.0171875 0.0625
4 0.1640625 0.4521484375 0.0125 0.056640625
0 0.721875 0.513671875 0.034375 0.0703125
4 0.33203125 0.4482421875 0.0234375 0.052734375
4 0.1875 0.447265625 0.034375 0.0703125
4 0.11171875 0.462890625 0.0171875 0.0703125