1 0.79765625 0.517578125 0.2453125 0.22265625
1 0.64609375 0.505859375 0.0609375 0.14453125
1 0.59296875 0.494140625 0.0453125 0.11328125
1 0.54375 0.4833984375 0.05625 0.076171875
1 0.503125 0.4833984375 0.028125 0.041015625
1 0.12421875 0.509765625 0.0703125 0.13671875
1 0.25234375 0.498046875 0.0328125 0.0625
1 0.28125 0.48828125 0.025 0.0546875
1 0.31171875 0.484375 0.0328125 0.046875
1 0.340625 0.4794921875 0.021875 0.044921875
1 0.2171875 0.4921875 0.040625 0.09375
1 0.17890625 0.5078125 0.0390625 0.109375
1 0.046875 0.5244140625 0.09375 0.189453125
1 0.4828125 0.474609375 0.021875 0.02734375
1 0.43125 0.4765625 0.021875 0.0234375