1 0.878125 0.517578125 0.240625 0.23046875
1 0.56484375 0.4833984375 0.0453125 0.099609375
1 0.5328125 0.4912109375 0.025 0.068359375
4 0.5109375 0.48046875 0.021875 0.0859375
4 0.48984375 0.4833984375 0.0234375 0.083984375
1 0.4109375 0.4833984375 0.121875 0.154296875
1 0.33046875 0.462890625 0.0640625 0.05859375
1 0.075 0.494140625 0.15 0.234375
2 0.5140625 0.51171875 0.015625 0.02734375
1 0.2875 0.4892578125 0.1125 0.087890625
1 0.1890625 0.478515625 0.121875 0.1328125
1 0.18203125 0.5107421875 0.0734375 0.126953125
1 0.6640625 0.4814453125 0.1625 0.146484375
1 0.71484375 0.498046875 0.1609375 0.13671875
1 0.7375 0.5146484375 0.11875 0.166015625