0 0.7328125 0.6328125 0.075 0.19140625
0 0.4109375 0.6162109375 0.03125 0.181640625
0 0.5390625 0.5498046875 0.028125 0.115234375
0 0.45625 0.552734375 0.021875 0.11328125
0 0.9875 0.591796875 0.021875 0.1171875
1 0.28671875 0.484375 0.0484375 0.046875
1 0.33828125 0.478515625 0.0359375 0.0390625
0 0.1171875 0.5029296875 0.028125 0.068359375
0 0.934375 0.580078125 0.125 0.203125
4 0.7265625 0.44921875 0.084375 0.18359375
4 0.56875 0.4580078125 0.01875 0.029296875
4 0.5375 0.44140625 0.046875 0.11328125
4 0.459375 0.4541015625 0.04375 0.099609375
4 0.41015625 0.525390625 0.0640625 0.296875