1 0.94296875 0.4873046875 0.1078125 0.107421875
1 0.85703125 0.484375 0.1453125 0.09765625
1 0.784375 0.4638671875 0.078125 0.068359375
1 0.7375 0.4619140625 0.09375 0.068359375
1 0.696875 0.462890625 0.05625 0.04296875
4 0.565625 0.4677734375 0.0125 0.041015625
4 0.55625 0.46484375 0.015625 0.05078125
4 0.5421875 0.4677734375 0.015625 0.044921875
1 0.5375 0.4599609375 0.046875 0.037109375
1 0.4078125 0.4404296875 0.01875 0.025390625
1 0.3796875 0.45703125 0.040625 0.046875
1 0.3296875 0.4619140625 0.021875 0.029296875
1 0.30546875 0.4609375 0.0234375 0.03515625
1 0.28671875 0.4638671875 0.0265625 0.044921875
1 0.26015625 0.458984375 0.0421875 0.046875
1 0.2140625 0.466796875 0.078125 0.06640625
1 0.06875 0.4853515625 0.103125 0.099609375
1 0.1484375 0.4599609375 0.071875 0.052734375
1 0.021875 0.5 0.04375 0.140625
1 0.45078125 0.4482421875 0.0234375 0.025390625