4 0.60625 0.44921875 0.021875 0.046875
4 0.59375 0.44921875 0.021875 0.05078125
4 0.57890625 0.4501953125 0.0203125 0.033203125
4 0.2359375 0.4697265625 0.01875 0.044921875
4 0.3578125 0.4775390625 0.021875 0.064453125
1 0.334375 0.46875 0.034375 0.046875
1 0.31640625 0.462890625 0.0296875 0.03515625
1 0.78515625 0.482421875 0.1703125 0.109375
1 0.63984375 0.544921875 0.1265625 0.12890625
1 0.71796875 0.6005859375 0.1859375 0.181640625
1 0.83984375 0.755859375 0.3171875 0.375
1 0.1265625 0.4990234375 0.103125 0.083984375
1 0.059375 0.4912109375 0.109375 0.095703125
1 0.05390625 0.59375 0.1078125 0.18359375
0 0.89296875 0.53125 0.0453125 0.078125