1 0.8203125 0.5302734375 0.353125 0.275390625
1 0.58125 0.4951171875 0.0625 0.060546875
1 0.4671875 0.4990234375 0.03125 0.037109375
1 0.4375 0.5078125 0.021875 0.02734375
1 0.41875 0.5078125 0.021875 0.02734375
1 0.40078125 0.5068359375 0.0234375 0.044921875
1 0.378125 0.5009765625 0.03125 0.052734375
1 0.35234375 0.5048828125 0.0265625 0.041015625
1 0.30625 0.50390625 0.0625 0.06640625
1 0.215625 0.5048828125 0.121875 0.115234375
4 0.128125 0.501953125 0.021875 0.08984375
4 0.0109375 0.505859375 0.021875 0.08203125
1 0.50859375 0.5078125 0.0234375 0.02734375