1 0.02734375 0.5048828125 0.0484375 0.068359375
1 0.06171875 0.50390625 0.0453125 0.0625
1 0.1109375 0.498046875 0.05625 0.046875
1 0.2578125 0.48828125 0.040625 0.03515625
1 0.2953125 0.482421875 0.034375 0.03515625
1 0.415625 0.4765625 0.021875 0.02734375
1 0.50078125 0.4775390625 0.0359375 0.041015625
1 0.54296875 0.4853515625 0.0328125 0.052734375
1 0.584375 0.484375 0.075 0.0703125
1 0.8859375 0.509765625 0.225 0.29296875
1 0.3515625 0.470703125 0.021875 0.0234375
1 0.1484375 0.4970703125 0.03125 0.037109375
1 0.16875 0.494140625 0.034375 0.04296875
1 0.18359375 0.4833984375 0.0359375 0.044921875
1 0.4765625 0.4755859375 0.025 0.029296875
1 0.46640625 0.470703125 0.0234375 0.03125