0 0.5578125 0.5439453125 0.021875 0.072265625
0 0.38359375 0.4873046875 0.0203125 0.041015625
4 0.5578125 0.498046875 0.03125 0.109375
4 0.38203125 0.470703125 0.0203125 0.0625
1 0.52265625 0.4638671875 0.0453125 0.044921875
1 0.315625 0.486328125 0.06875 0.07421875
1 0.2390625 0.521484375 0.084375 0.08984375
1 0.16484375 0.5517578125 0.1234375 0.134765625
1 0.075 0.59765625 0.15 0.1953125
1 0.959375 0.5517578125 0.078125 0.119140625
1 0.83203125 0.501953125 0.0828125 0.0859375
1 0.7765625 0.49609375 0.084375 0.09765625
1 0.6265625 0.49609375 0.10625 0.09765625
1 0.9296875 0.4921875 0.134375 0.109375
1 0.68515625 0.466796875 0.0359375 0.07421875