1 0.109375 0.5400390625 0.2125 0.201171875
1 0.0234375 0.560546875 0.046875 0.22265625
1 0.36171875 0.505859375 0.0953125 0.078125
1 0.4046875 0.482421875 0.021875 0.03125
4 0.425 0.4951171875 0.021875 0.076171875
0 0.52421875 0.515625 0.0421875 0.04296875
1 0.44765625 0.4912109375 0.0203125 0.052734375
1 0.46484375 0.486328125 0.0359375 0.04296875
1 0.89375 0.515625 0.209375 0.20703125
1 0.78828125 0.5107421875 0.0578125 0.091796875
1 0.7609375 0.50390625 0.06875 0.078125
1 0.72265625 0.4921875 0.0578125 0.05859375
1 0.18515625 0.478515625 0.1046875 0.09765625
1 0.6859375 0.4912109375 0.021875 0.056640625
1 0.66484375 0.482421875 0.0296875 0.04296875
1 0.63984375 0.478515625 0.0265625 0.03515625
1 0.62421875 0.474609375 0.0203125 0.02734375
1 0.6015625 0.474609375 0.021875 0.02734375
4 0.525 0.4716796875 0.025 0.056640625
1 0.49609375 0.4814453125 0.0265625 0.037109375