1 0.07109375 0.568359375 0.1390625 0.19921875
1 0.16328125 0.5439453125 0.0921875 0.119140625
1 0.21875 0.521484375 0.075 0.1015625
1 0.2546875 0.4765625 0.06875 0.0546875
1 0.30078125 0.5322265625 0.1359375 0.126953125
1 0.36640625 0.482421875 0.0703125 0.09375
1 0.4 0.46484375 0.0375 0.05859375
1 0.465625 0.4443359375 0.0375 0.044921875
1 0.85234375 0.712890625 0.2921875 0.33203125
1 0.703125 0.5966796875 0.19375 0.185546875
1 0.6234375 0.52734375 0.134375 0.15625
1 0.5546875 0.4873046875 0.065625 0.076171875
4 0.97734375 0.4267578125 0.0171875 0.044921875
4 0.48359375 0.4619140625 0.0203125 0.052734375
4 0.96171875 0.4267578125 0.0140625 0.041015625
1 0.65625 0.4345703125 0.05625 0.037109375
1 0.5015625 0.451171875 0.028125 0.0390625