4 0.6640625 0.455078125 0.021875 0.08203125
4 0.65 0.466796875 0.01875 0.09765625
1 0.49140625 0.4970703125 0.1203125 0.138671875
1 0.39765625 0.46484375 0.0296875 0.03125
4 0.2828125 0.470703125 0.0125 0.03515625
4 0.275 0.4697265625 0.009375 0.029296875
4 0.26171875 0.46875 0.0109375 0.0390625
4 0.3234375 0.4697265625 0.009375 0.029296875
4 0.309375 0.46875 0.009375 0.02734375
4 0.3 0.4716796875 0.009375 0.025390625
4 0.23671875 0.47265625 0.0140625 0.046875
4 0.2203125 0.4775390625 0.0125 0.041015625
4 0.203125 0.474609375 0.0125 0.0390625
4 0.06171875 0.470703125 0.0203125 0.02734375
0 0.06328125 0.50390625 0.0234375 0.03515625