1 0.1609375 0.4765625 0.053125 0.08203125
1 0.0421875 0.4990234375 0.08125 0.115234375
1 0.33203125 0.4853515625 0.0671875 0.052734375
1 0.56875 0.47265625 0.040625 0.0625
0 0.1046875 0.5390625 0.034375 0.0703125
0 0.21328125 0.5302734375 0.0296875 0.099609375
0 0.28515625 0.556640625 0.0859375 0.109375
0 0.546875 0.5634765625 0.14375 0.146484375
4 0.53203125 0.513671875 0.0609375 0.20703125
4 0.278125 0.4990234375 0.065625 0.150390625
4 0.11015625 0.4931640625 0.0515625 0.130859375
4 0.2171875 0.4716796875 0.05 0.146484375
1 0.36875 0.4697265625 0.034375 0.044921875
1 0.4984375 0.4775390625 0.021875 0.044921875