4 0.8234375 0.63671875 0.09375 0.3359375
4 0.196875 0.6220703125 0.10625 0.259765625
0 0.17734375 0.7080078125 0.0515625 0.146484375
1 0.93515625 0.7509765625 0.1234375 0.271484375
1 0.909375 0.5830078125 0.175 0.208984375
1 0.7640625 0.580078125 0.059375 0.17578125
1 0.6875 0.505859375 0.11875 0.10546875
1 0.33046875 0.5068359375 0.0984375 0.087890625
1 0.0828125 0.59375 0.1625 0.18359375
1 0.24140625 0.5341796875 0.0828125 0.111328125
1 0.40703125 0.474609375 0.0578125 0.06640625
1 0.48828125 0.458984375 0.0515625 0.04296875
4 0.5453125 0.4541015625 0.0125 0.041015625
1 0.9078125 0.4541015625 0.06875 0.037109375
1 0.3734375 0.4912109375 0.040625 0.068359375
1 0.43203125 0.4697265625 0.0328125 0.052734375
1 0.44921875 0.4609375 0.0203125 0.04296875
1 0.45390625 0.4599609375 0.0296875 0.052734375
1 0.52421875 0.439453125 0.0203125 0.02734375
1 0.59296875 0.451171875 0.0296875 0.02734375
1 0.63125 0.4853515625 0.034375 0.056640625
1 0.61640625 0.478515625 0.0296875 0.04296875