1 0.10390625 0.564453125 0.2078125 0.23828125
1 0.23203125 0.5458984375 0.0859375 0.123046875
1 0.2875 0.5185546875 0.078125 0.083984375
1 0.3328125 0.5 0.059375 0.07421875
1 0.35234375 0.482421875 0.0671875 0.09375
4 0.38359375 0.490234375 0.0203125 0.07421875
1 0.6109375 0.4951171875 0.03125 0.068359375
1 0.6515625 0.505859375 0.078125 0.0859375
1 0.71328125 0.55078125 0.1328125 0.1484375
1 0.91171875 0.759765625 0.1734375 0.34375
4 0.95625 0.326171875 0.028125 0.04296875
4 0.53359375 0.4462890625 0.0203125 0.037109375
4 0.521875 0.4453125 0.01875 0.03515625
1 0.40390625 0.4697265625 0.0265625 0.044921875
1 0.43515625 0.4521484375 0.0234375 0.037109375
1 0.45078125 0.4482421875 0.0234375 0.033203125
1 0.59921875 0.4755859375 0.0484375 0.060546875
1 0.58515625 0.46484375 0.0421875 0.046875