4 0.65703125 0.5126953125 0.0546875 0.158203125
4 0.5859375 0.48828125 0.028125 0.1171875
4 0.5625 0.4716796875 0.028125 0.095703125
1 0.8140625 0.486328125 0.040625 0.0859375
1 0.87890625 0.484375 0.0515625 0.10546875
1 0.69609375 0.462890625 0.0515625 0.0625
1 0.46015625 0.4619140625 0.0703125 0.064453125
1 0.52421875 0.4609375 0.0296875 0.046875
1 0.20234375 0.4482421875 0.1171875 0.095703125
1 0.0859375 0.423828125 0.1375 0.0625
1 0.790625 0.4638671875 0.08125 0.099609375
1 0.6078125 0.455078125 0.025 0.02734375