4 0.25859375 0.484375 0.0265625 0.08203125
4 0.24453125 0.4931640625 0.0265625 0.068359375
4 0.60234375 0.45703125 0.0234375 0.09375
4 0.621875 0.4638671875 0.025 0.072265625
4 0.66328125 0.4609375 0.0296875 0.109375
1 0.809375 0.4609375 0.059375 0.07421875
1 0.8328125 0.4736328125 0.025 0.068359375
1 0.925 0.44921875 0.14375 0.1484375
1 0.9515625 0.48828125 0.09375 0.12109375
4 0.16953125 0.48046875 0.0203125 0.04296875
4 0.128125 0.4892578125 0.01875 0.033203125
1 0.7296875 0.458984375 0.040625 0.0546875