0 0.55859375 0.5625 0.0390625 0.1640625
0 0.44375 0.5634765625 0.03125 0.142578125
0 0.35 0.5078125 0.015625 0.0703125
4 0.4078125 0.474609375 0.03125 0.12109375
4 0.16640625 0.47265625 0.0140625 0.04296875
1 0.03359375 0.5048828125 0.0671875 0.142578125
1 0.28046875 0.4794921875 0.0734375 0.068359375
0 0.9 0.55859375 0.125 0.2734375
0 0.64765625 0.5126953125 0.0328125 0.099609375
4 0.70625 0.4501953125 0.025 0.041015625
0 0.96171875 0.51171875 0.0734375 0.23828125
0 0.75859375 0.5419921875 0.0546875 0.103515625
0 0.6953125 0.515625 0.034375 0.08984375
0 0.67265625 0.5146484375 0.0265625 0.087890625
0 0.60859375 0.51171875 0.0421875 0.1015625
4 0.55546875 0.4169921875 0.0609375 0.150390625
4 0.44375 0.43359375 0.05 0.13671875
4 0.3515625 0.4482421875 0.028125 0.060546875