1 0.08671875 0.6005859375 0.1734375 0.181640625
1 0.1921875 0.5400390625 0.15 0.154296875
1 0.29453125 0.5078125 0.0921875 0.078125
4 0.34609375 0.4892578125 0.0265625 0.091796875
1 0.4125 0.4638671875 0.04375 0.044921875
1 0.57421875 0.470703125 0.0421875 0.046875
1 0.61640625 0.4912109375 0.0859375 0.091796875
1 0.71328125 0.56640625 0.1796875 0.15234375
4 0.759375 0.47265625 0.040625 0.08203125
1 0.91171875 0.8193359375 0.1671875 0.349609375
2 0.81796875 0.5390625 0.0296875 0.046875
1 0.4421875 0.4501953125 0.025 0.029296875
1 0.553125 0.4541015625 0.0375 0.041015625
1 0.4890625 0.4462890625 0.025 0.029296875
4 0.51171875 0.447265625 0.0140625 0.03125
4 0.47109375 0.4462890625 0.0140625 0.029296875