0 0.42421875 0.5849609375 0.0328125 0.095703125
4 0.58125 0.5361328125 0.053125 0.158203125
4 0.43125 0.5283203125 0.05625 0.181640625
4 0.32421875 0.4775390625 0.0296875 0.064453125
4 0.25390625 0.4638671875 0.0203125 0.060546875
4 0.2734375 0.466796875 0.01875 0.0625
4 0.28984375 0.4580078125 0.0203125 0.041015625
1 0.7375 0.576171875 0.196875 0.16015625
1 0.90703125 0.755859375 0.1828125 0.31640625
1 0.1875 0.5458984375 0.121875 0.130859375
1 0.090625 0.595703125 0.171875 0.18359375
1 0.0390625 0.646484375 0.078125 0.21875
1 0.3546875 0.46875 0.040625 0.046875
1 0.97109375 0.4921875 0.0546875 0.09375
1 0.9171875 0.4794921875 0.084375 0.060546875
1 0.53984375 0.4755859375 0.0515625 0.052734375
1 0.52109375 0.46484375 0.0359375 0.05078125
1 0.45703125 0.4599609375 0.0296875 0.033203125
1 0.384375 0.458984375 0.025 0.04296875