1 0.86875 0.4697265625 0.034375 0.087890625
4 0.9578125 0.4921875 0.0625 0.265625
4 0.90859375 0.5087890625 0.0703125 0.251953125
4 0.815625 0.494140625 0.075 0.23046875
4 0.7671875 0.486328125 0.0375 0.18359375
4 0.72734375 0.5009765625 0.0609375 0.240234375
4 0.67734375 0.498046875 0.0578125 0.1875
4 0.21015625 0.486328125 0.0203125 0.05859375
4 0.44140625 0.4619140625 0.0234375 0.060546875
4 0.12578125 0.4873046875 0.0234375 0.033203125
4 0.109375 0.4970703125 0.021875 0.052734375
4 0.62890625 0.4609375 0.0265625 0.07421875
4 0.60546875 0.451171875 0.0234375 0.046875
4 0.5546875 0.453125 0.021875 0.05078125