1 0.88046875 0.5654296875 0.2359375 0.255859375
1 0.70234375 0.50390625 0.1203125 0.17578125
1 0.7828125 0.4619140625 0.040625 0.087890625
1 0.609375 0.4833984375 0.06875 0.091796875
1 0.56953125 0.4794921875 0.0359375 0.072265625
1 0.45703125 0.5029296875 0.1359375 0.134765625
1 0.3859375 0.4736328125 0.021875 0.041015625
1 0.3546875 0.4775390625 0.040625 0.041015625
4 0.2984375 0.4697265625 0.015625 0.041015625
1 0.246875 0.482421875 0.05625 0.06640625
1 0.17578125 0.46875 0.0859375 0.109375
1 0.06640625 0.482421875 0.1328125 0.14453125