1 0.95390625 0.5234375 0.0890625 0.16015625
1 0.8828125 0.48046875 0.221875 0.1953125
1 0.81328125 0.4765625 0.1359375 0.16015625
1 0.59765625 0.4970703125 0.2484375 0.322265625
1 0.41015625 0.4716796875 0.1453125 0.162109375
1 0.3671875 0.482421875 0.0375 0.12890625
1 0.29453125 0.4697265625 0.1390625 0.177734375
4 0.225 0.51171875 0.146875 0.3203125
0 0.265625 0.5947265625 0.08125 0.232421875
1 0.090625 0.48046875 0.165625 0.25
1 0.03515625 0.5224609375 0.0703125 0.177734375
1 0.278125 0.490234375 0.1 0.15234375
0 0.1859375 0.65625 0.071875 0.19921875