4 0.57734375 0.46484375 0.0203125 0.0625
4 0.67421875 0.447265625 0.0234375 0.0625
4 0.63671875 0.462890625 0.0203125 0.03515625
4 0.61640625 0.46484375 0.0171875 0.05078125
4 0.515625 0.4658203125 0.025 0.060546875
1 0.22578125 0.46484375 0.0828125 0.078125
1 0.1640625 0.4658203125 0.053125 0.060546875
1 0.103125 0.482421875 0.134375 0.08984375
1 0.44921875 0.462890625 0.0859375 0.09765625
1 0.33359375 0.4560546875 0.0296875 0.029296875
1 0.3046875 0.455078125 0.03125 0.04296875
1 0.28203125 0.4638671875 0.0296875 0.052734375