1 0.95234375 0.5224609375 0.0921875 0.166015625
1 0.88515625 0.482421875 0.2265625 0.1953125
1 0.8109375 0.47265625 0.140625 0.1484375
1 0.7375 0.4892578125 0.021875 0.056640625
1 0.5984375 0.494140625 0.240625 0.31640625
4 0.48046875 0.453125 0.0421875 0.1015625
0 0.471875 0.533203125 0.025 0.078125
4 0.1796875 0.5185546875 0.134375 0.353515625
0 0.22734375 0.650390625 0.0703125 0.15234375
1 0.05859375 0.46875 0.1171875 0.23046875
1 0.040625 0.53125 0.08125 0.2109375
1 0.25078125 0.4921875 0.1515625 0.1640625
1 0.26875 0.458984375 0.19375 0.15625
1 0.3640625 0.4755859375 0.04375 0.107421875
1 0.403125 0.46875 0.1375 0.1484375
0 0.13359375 0.6748046875 0.0921875 0.228515625