1 0.12578125 0.4306640625 0.0921875 0.087890625
1 0.1765625 0.4306640625 0.0375 0.087890625
4 0.678125 0.478515625 0.071875 0.20703125
4 0.54921875 0.48046875 0.0484375 0.1640625
4 0.4390625 0.4345703125 0.046875 0.119140625
4 0.40390625 0.4375 0.0265625 0.08203125
0 0.69296875 0.541015625 0.0359375 0.125
0 0.6703125 0.5546875 0.028125 0.0703125
0 0.5515625 0.54296875 0.034375 0.08984375
0 0.4375 0.486328125 0.025 0.06640625
0 0.4046875 0.46484375 0.021875 0.0546875
4 0.471875 0.439453125 0.025 0.08203125
4 0.35703125 0.42578125 0.0296875 0.078125
0 0.471875 0.4736328125 0.025 0.056640625
0 0.35703125 0.458984375 0.0234375 0.05078125