4 0.74609375 0.46484375 0.0328125 0.12890625
1 0.446875 0.462890625 0.03125 0.03125
1 0.4375 0.453125 0.015625 0.01953125
1 0.4078125 0.443359375 0.0125 0.015625
1 0.38515625 0.458984375 0.0234375 0.02734375
1 0.36875 0.462890625 0.0125 0.01953125
1 0.359375 0.462890625 0.0125 0.01953125
1 0.3453125 0.4658203125 0.021875 0.025390625
1 0.328125 0.4697265625 0.025 0.029296875
1 0.309375 0.4697265625 0.025 0.033203125
1 0.27421875 0.4638671875 0.0484375 0.056640625
1 0.2171875 0.48828125 0.10625 0.09765625
4 0.09765625 0.580078125 0.1296875 0.34765625
4 0.01328125 0.4794921875 0.0234375 0.072265625
1 0.02109375 0.5556640625 0.0421875 0.111328125