1 0.92421875 0.5 0.1484375 0.3046875
1 0.77734375 0.5234375 0.1890625 0.1953125
1 0.70546875 0.4951171875 0.1234375 0.130859375
1 0.62578125 0.4775390625 0.1453125 0.134765625
1 0.4515625 0.4775390625 0.125 0.154296875
4 0.33203125 0.4970703125 0.0453125 0.185546875
0 0.34453125 0.560546875 0.0359375 0.08984375
1 0.1328125 0.4912109375 0.20625 0.166015625
1 0.096875 0.521484375 0.096875 0.15234375
1 0.0390625 0.525390625 0.06875 0.2578125
1 0.240625 0.5029296875 0.04375 0.087890625
1 0.2640625 0.4814453125 0.075 0.095703125