1 0.81796875 0.5673828125 0.1828125 0.154296875
1 0.7234375 0.53125 0.0875 0.09375
1 0.6078125 0.4765625 0.0375 0.03515625
1 0.54375 0.4677734375 0.040625 0.044921875
4 0.25625 0.462890625 0.021875 0.05078125
4 0.2359375 0.455078125 0.01875 0.0625
4 0.425 0.4658203125 0.021875 0.052734375
1 0.58984375 0.4658203125 0.0234375 0.033203125
1 0.578125 0.4658203125 0.01875 0.025390625
4 0.6828125 0.470703125 0.021875 0.03515625
4 0.6578125 0.4658203125 0.01875 0.044921875
1 0.44375 0.46484375 0.028125 0.03515625
4 0.3203125 0.458984375 0.015625 0.04296875
4 0.34375 0.4580078125 0.01875 0.033203125
4 0.35703125 0.453125 0.0203125 0.0234375