4 0.7421875 0.51171875 0.065625 0.2578125
4 0.846875 0.49609375 0.040625 0.2265625
1 0.959375 0.40625 0.078125 0.05859375
1 0.97578125 0.48828125 0.0453125 0.12109375
4 0.90859375 0.5224609375 0.0921875 0.333984375
4 0.80625 0.521484375 0.096875 0.359375
4 0.18515625 0.4873046875 0.0203125 0.052734375
4 0.3890625 0.46484375 0.021875 0.05859375
4 0.125 0.486328125 0.025 0.03515625
4 0.1109375 0.4931640625 0.03125 0.056640625
4 0.6359375 0.46484375 0.03125 0.078125
4 0.5765625 0.4580078125 0.021875 0.044921875
4 0.5921875 0.455078125 0.01875 0.046875
4 0.55625 0.4580078125 0.01875 0.044921875