1 0.55078125 0.470703125 0.1109375 0.046875
4 0.8921875 0.5029296875 0.0375 0.126953125
4 0.86875 0.50390625 0.040625 0.12890625
4 0.76015625 0.4833984375 0.0265625 0.083984375
4 0.79140625 0.474609375 0.0203125 0.09375
4 0.43515625 0.474609375 0.0296875 0.08984375
4 0.39921875 0.4775390625 0.0296875 0.072265625
0 0.03359375 0.5068359375 0.0640625 0.115234375
4 0.2171875 0.453125 0.025 0.0625
4 0.18515625 0.447265625 0.0265625 0.0625
4 0.48359375 0.4609375 0.0140625 0.04296875
4 0.471875 0.4599609375 0.01875 0.044921875
4 0.45859375 0.4599609375 0.0140625 0.041015625
4 0.8125 0.4658203125 0.021875 0.044921875
4 0.7421875 0.4677734375 0.025 0.041015625
0 0.08828125 0.513671875 0.0578125 0.1015625
0 0.13984375 0.49609375 0.0328125 0.0625