1 0.9703125 0.56640625 0.05625 0.234375
1 0.89375 0.4912109375 0.209375 0.201171875
2 0.84375 0.623046875 0.071875 0.109375
4 0.728125 0.53515625 0.0625 0.27734375
1 0.6796875 0.5 0.075 0.21484375
4 0.60859375 0.505859375 0.0609375 0.21484375
1 0.5578125 0.494140625 0.059375 0.10546875
1 0.51640625 0.478515625 0.0265625 0.08203125
1 0.4890625 0.4775390625 0.028125 0.060546875
1 0.39765625 0.4912109375 0.1703125 0.212890625
1 0.3078125 0.4677734375 0.028125 0.052734375
1 0.284375 0.47265625 0.0375 0.0703125
1 0.2640625 0.4814453125 0.0375 0.076171875
1 0.128125 0.478515625 0.25625 0.21875
1 0.075 0.5263671875 0.15 0.205078125
1 0.77890625 0.49609375 0.1328125 0.22265625
1 0.0109375 0.564453125 0.021875 0.15234375