4 0.7078125 0.462890625 0.01875 0.046875
4 0.6734375 0.5087890625 0.0375 0.138671875
1 0.60234375 0.455078125 0.0546875 0.0546875
1 0.565625 0.447265625 0.028125 0.0390625
1 0.55546875 0.431640625 0.0296875 0.046875
1 0.5359375 0.431640625 0.01875 0.03515625
4 0.62265625 0.517578125 0.0203125 0.03125
1 0.5171875 0.435546875 0.01875 0.02734375
1 0.47109375 0.44140625 0.0171875 0.015625
1 0.50625 0.4404296875 0.009375 0.013671875
1 0.440625 0.439453125 0.015625 0.015625
1 0.4109375 0.4326171875 0.040625 0.037109375
4 0.37734375 0.451171875 0.0234375 0.08984375
1 0.325 0.46484375 0.08125 0.09765625