1 0.6734375 0.4306640625 0.046875 0.037109375
1 0.9015625 0.4287109375 0.071875 0.083984375
1 0.15546875 0.4267578125 0.1609375 0.115234375
4 0.14375 0.4482421875 0.0375 0.107421875
4 0.25625 0.427734375 0.03125 0.04296875
4 0.284375 0.4287109375 0.028125 0.056640625
4 0.3046875 0.42578125 0.028125 0.0859375
4 0.37109375 0.431640625 0.0484375 0.10546875
4 0.5046875 0.4326171875 0.03125 0.064453125
4 0.53984375 0.427734375 0.0328125 0.0859375
4 0.46953125 0.435546875 0.0328125 0.07421875
0 0.14375 0.494140625 0.053125 0.05859375
0 0.3703125 0.4619140625 0.046875 0.064453125
1 0.034375 0.40625 0.059375 0.046875
4 0.20546875 0.44921875 0.0421875 0.08203125
4 0.43203125 0.4208984375 0.0328125 0.076171875
0 0.503125 0.4599609375 0.028125 0.037109375
0 0.53515625 0.455078125 0.0296875 0.04296875
0 0.46171875 0.4599609375 0.0265625 0.041015625
0 0.43515625 0.4599609375 0.0265625 0.044921875
0 0.40859375 0.4677734375 0.0234375 0.044921875
0 0.24375 0.48828125 0.03125 0.046875