1 0.0875 0.724609375 0.175 0.37890625
1 0.1140625 0.5322265625 0.1125 0.091796875
1 0.4953125 0.4853515625 0.078125 0.103515625
1 0.63046875 0.560546875 0.1984375 0.1875
1 0.87421875 0.4794921875 0.1296875 0.072265625
1 0.79140625 0.693359375 0.4078125 0.34765625
1 0.36796875 0.4638671875 0.0296875 0.033203125
1 0.21171875 0.4951171875 0.0609375 0.068359375
1 0.72265625 0.46484375 0.0953125 0.0625
1 0.2671875 0.482421875 0.034375 0.046875
1 0.29453125 0.4521484375 0.0359375 0.033203125
4 0.18046875 0.50390625 0.0421875 0.1015625
0 0.1859375 0.53125 0.025 0.0546875
1 0.50859375 0.486328125 0.0921875 0.0859375