4 0.984375 0.4267578125 0.028125 0.064453125
4 0.9609375 0.3759765625 0.021875 0.044921875
4 0.89453125 0.4208984375 0.0265625 0.095703125
2 0.83828125 0.462890625 0.0296875 0.0390625
4 0.803125 0.435546875 0.028125 0.0703125
4 0.75859375 0.4248046875 0.0265625 0.083984375
4 0.7328125 0.423828125 0.021875 0.0625
4 0.7140625 0.4306640625 0.021875 0.068359375
4 0.6875 0.4267578125 0.021875 0.087890625
1 0.51015625 0.4326171875 0.0265625 0.029296875
1 0.47734375 0.42578125 0.0234375 0.0234375
1 0.44140625 0.4296875 0.0421875 0.05078125
1 0.36328125 0.4384765625 0.0234375 0.044921875
1 0.328125 0.439453125 0.05625 0.0546875
1 0.03125 0.5556640625 0.0625 0.212890625