1 0.85390625 0.515625 0.2890625 0.2890625
1 0.70703125 0.48828125 0.1046875 0.1484375
1 0.60390625 0.486328125 0.0828125 0.078125
1 0.0234375 0.5361328125 0.046875 0.134765625
1 0.153125 0.505859375 0.0875 0.1015625
1 0.07578125 0.5205078125 0.1109375 0.115234375
1 0.20234375 0.4951171875 0.0453125 0.080078125
1 0.2453125 0.4892578125 0.046875 0.068359375
1 0.28203125 0.478515625 0.0484375 0.0625
1 0.5515625 0.470703125 0.0375 0.07421875
1 0.5234375 0.4716796875 0.021875 0.056640625
1 0.49375 0.4619140625 0.03125 0.037109375
1 0.38125 0.4638671875 0.025 0.029296875
1 0.35703125 0.46484375 0.0265625 0.03125
1 0.3359375 0.474609375 0.021875 0.03515625
1 0.31875 0.4775390625 0.021875 0.041015625