1 0.73828125 0.517578125 0.2078125 0.16796875
1 0.64375 0.474609375 0.153125 0.15234375
1 0.5625 0.48046875 0.040625 0.08203125
1 0.540625 0.46875 0.071875 0.08984375
1 0.02890625 0.5283203125 0.0578125 0.138671875
1 0.0859375 0.4912109375 0.171875 0.150390625
1 0.18671875 0.4833984375 0.1046875 0.119140625
1 0.27421875 0.4765625 0.0609375 0.078125
1 0.321875 0.470703125 0.034375 0.04296875
1 0.346875 0.470703125 0.01875 0.03515625
1 0.36640625 0.46875 0.0234375 0.02734375
1 0.49453125 0.4697265625 0.0265625 0.052734375