4 0.1546875 0.48046875 0.05 0.1953125
4 0.2328125 0.478515625 0.03125 0.109375
4 0.88984375 0.431640625 0.0515625 0.0703125
1 0.7984375 0.5068359375 0.296875 0.162109375
1 0.56796875 0.482421875 0.2015625 0.15234375
1 0.44453125 0.48828125 0.0734375 0.10546875
1 0.34609375 0.4580078125 0.1953125 0.134765625
1 0.01796875 0.5166015625 0.0359375 0.099609375
4 0.03125 0.46484375 0.021875 0.05859375
4 0.0828125 0.4677734375 0.021875 0.060546875
1 0.109375 0.4697265625 0.04375 0.060546875
1 0.0671875 0.470703125 0.028125 0.04296875
1 0.20078125 0.4775390625 0.0328125 0.064453125