4 0.85546875 0.466796875 0.0234375 0.06640625
1 0.88984375 0.5810546875 0.2171875 0.166015625
1 0.97421875 0.6845703125 0.0484375 0.197265625
1 0.61796875 0.4697265625 0.0359375 0.041015625
1 0.540625 0.45703125 0.034375 0.03515625
4 0.4 0.4521484375 0.021875 0.052734375
4 0.1828125 0.4462890625 0.025 0.076171875
4 0.16015625 0.4453125 0.0203125 0.078125
4 0.42578125 0.4501953125 0.0234375 0.044921875
4 0.9859375 0.4560546875 0.01875 0.033203125
4 0.821875 0.466796875 0.025 0.05859375
4 0.70625 0.4619140625 0.01875 0.044921875
1 0.6015625 0.4619140625 0.01875 0.033203125
1 0.59296875 0.455078125 0.0234375 0.03515625
1 0.58125 0.4541015625 0.01875 0.025390625
4 0.2875 0.4482421875 0.021875 0.044921875
4 0.0953125 0.435546875 0.025 0.0546875
4 0.31953125 0.44921875 0.0203125 0.0390625
4 0.33359375 0.4423828125 0.0203125 0.025390625