0 0.1359375 0.5185546875 0.034375 0.083984375
0 0.1890625 0.50390625 0.03125 0.06640625
1 0.01875 0.5078125 0.034375 0.1640625
1 0.04453125 0.4658203125 0.0765625 0.060546875
1 0.65390625 0.4736328125 0.0828125 0.072265625
1 0.709375 0.4970703125 0.134375 0.083984375
1 0.36171875 0.4619140625 0.0203125 0.025390625
1 0.43046875 0.4599609375 0.0203125 0.025390625
4 0.12578125 0.490234375 0.0421875 0.109375
4 0.18828125 0.4638671875 0.0453125 0.095703125
4 0.23828125 0.4580078125 0.0265625 0.072265625
4 0.275 0.4580078125 0.021875 0.056640625