1 0.93828125 0.388671875 0.1203125 0.05078125
1 0.80546875 0.4345703125 0.0859375 0.033203125
1 0.83046875 0.5126953125 0.3359375 0.212890625
4 0.67890625 0.4541015625 0.0296875 0.111328125
1 0.54375 0.4599609375 0.0625 0.068359375
1 0.5015625 0.4482421875 0.021875 0.041015625
1 0.48203125 0.44921875 0.0265625 0.03515625
1 0.4609375 0.4462890625 0.021875 0.033203125
1 0.40078125 0.4375 0.0234375 0.02734375
1 0.38046875 0.4423828125 0.0203125 0.029296875
1 0.36640625 0.4501953125 0.0234375 0.029296875
1 0.3375 0.4462890625 0.03125 0.041015625
1 0.309375 0.4443359375 0.025 0.056640625
1 0.27421875 0.4541015625 0.0734375 0.056640625