1 0.6359375 0.5 0.0875 0.078125
1 0.1953125 0.5068359375 0.10625 0.087890625
1 0.25 0.501953125 0.04375 0.06640625
1 0.28359375 0.4912109375 0.0671875 0.072265625
1 0.321875 0.4794921875 0.05 0.068359375
1 0.35078125 0.4814453125 0.0234375 0.052734375
1 0.596875 0.494140625 0.03125 0.0625
1 0.5796875 0.4892578125 0.034375 0.052734375
1 0.45859375 0.478515625 0.0296875 0.02734375
1 0.36640625 0.4833984375 0.0140625 0.041015625
1 0.5578125 0.4833984375 0.01875 0.060546875
1 0.53671875 0.482421875 0.0234375 0.03515625
1 0.51796875 0.478515625 0.0234375 0.03125
1 0.49296875 0.4755859375 0.0359375 0.029296875
1 0.3859375 0.4794921875 0.021875 0.041015625
1 0.40234375 0.48046875 0.0140625 0.02734375
1 0.4140625 0.478515625 0.0125 0.0234375
4 0.434375 0.47265625 0.00625 0.01953125