1 0.059375 0.642578125 0.1125 0.24609375
1 0.1359375 0.57421875 0.146875 0.15234375
1 0.34296875 0.4736328125 0.0484375 0.052734375
1 0.45546875 0.46484375 0.0328125 0.03125
1 0.7828125 0.603515625 0.24375 0.18359375
4 0.2984375 0.4892578125 0.021875 0.064453125
4 0.278125 0.46875 0.01875 0.0546875
4 0.25703125 0.47265625 0.0203125 0.0703125
4 0.23515625 0.470703125 0.0203125 0.0703125
4 0.4125 0.5361328125 0.05625 0.177734375
4 0.57421875 0.533203125 0.0546875 0.16015625
0 0.41171875 0.58984375 0.0328125 0.09765625
1 0.940625 0.48828125 0.103125 0.078125
1 0.96953125 0.8828125 0.0578125 0.23046875
1 0.53671875 0.478515625 0.0484375 0.05859375
1 0.515625 0.46875 0.028125 0.046875
1 0.37109375 0.4697265625 0.0265625 0.044921875