1 0.553125 0.4619140625 0.04375 0.052734375
1 0.51328125 0.4326171875 0.0328125 0.033203125
1 0.4421875 0.4306640625 0.021875 0.029296875
1 0.5828125 0.4775390625 0.065625 0.064453125
4 0.8453125 0.4873046875 0.040625 0.123046875
4 0.0734375 0.4580078125 0.034375 0.044921875
4 0.246875 0.4501953125 0.01875 0.052734375
4 0.33671875 0.4453125 0.0234375 0.04296875
4 0.03828125 0.5107421875 0.0296875 0.099609375
4 0.0234375 0.5087890625 0.03125 0.099609375
4 0.9671875 0.4775390625 0.021875 0.107421875
0 0.20390625 0.486328125 0.0265625 0.03515625